dataType: iteration-based
legend: [x,y,z,\theta_x,\theta_y,\theta_z]
xlabel: iterations
ylabel: Camera pose
data:
    - [-0.999983, 0.00499996, -1, 0, 0, -0.01]
    - [-1.99997, 0.00999992, -2, 0, 0, -0.02]
    - [-2.99995, 0.0149999, -3, 0, 0, -0.03]
    - [-3.99993, 0.0199998, -4, 0, 0, -0.04]
    - [-4.99992, 0.0249998, -5, 0, 0, -0.05]
    - [-5.9999, 0.0299998, -6, 0, 0, -0.06]
    - [-6.99988, 0.0349997, -7, 0, 0, -0.07]
    - [-7.99987, 0.0399997, -8, 0, 0, -0.08]
    - [-8.99985, 0.0449996, -9, 0, 0, -0.09]
    - [-9.99983, 0.0499996, -10, 0, 0, -0.1]
    - [-10.9998, 0.0549995, -11, 0, 0, -0.11]
    - [-11.9998, 0.0599995, -12, 0, 0, -0.12]
    - [-12.9998, 0.0649995, -13, 0, 0, -0.13]
    - [-13.9998, 0.0699994, -14, 0, 0, -0.14]
    - [-14.9998, 0.0749994, -15, 0, 0, -0.15]
    - [-15.9997, 0.0799993, -16, 0, 0, -0.16]
    - [-16.9997, 0.0849993, -17, 0, 0, -0.17]
    - [-17.9997, 0.0899993, -18, 0, 0, -0.18]
    - [-18.9997, 0.0949992, -19, 0, 0, -0.19]
    - [-19.9997, 0.0999992, -20, 0, 0, -0.2]
    - [-20.9997, 0.104999, -21, 0, 0, -0.21]
    - [-21.9996, 0.109999, -22, 0, 0, -0.22]
    - [-22.9996, 0.114999, -23, 0, 0, -0.23]
    - [-23.9996, 0.119999, -24, 0, 0, -0.24]
    - [-24.9996, 0.124999, -25, 0, 0, -0.25]
    - [-25.9996, 0.129999, -26, 0, 0, -0.26]
    - [-26.9996, 0.134999, -27, 0, 0, -0.27]
    - [-27.9995, 0.139999, -28, 0, 0, -0.28]
    - [-28.9995, 0.144999, -29, 0, 0, -0.29]
    - [-29.9995, 0.149999, -30, 0, 0, -0.3]
    - [-30.9995, 0.154999, -31, 0, 0, -0.31]
    - [-31.9995, 0.159999, -32, 0, 0, -0.32]
    - [-32.9995, 0.164999, -33, 0, 0, -0.33]
    - [-33.9994, 0.169999, -34, 0, 0, -0.34]
    - [-34.9994, 0.174999, -35, 0, 0, -0.35]
    - [-35.9994, 0.179999, -36, 0, 0, -0.36]
    - [-36.9994, 0.184998, -37, 0, 0, -0.37]
    - [-37.9994, 0.189998, -38, 0, 0, -0.38]
    - [-38.9994, 0.194998, -39, 0, 0, -0.39]
    - [-39.9993, 0.199998, -40, 0, 0, -0.4]
    - [-40.9993, 0.204998, -41, 0, 0, -0.41]
    - [-41.9993, 0.209998, -42, 0, 0, -0.42]
    - [-42.9993, 0.214998, -43, 0, 0, -0.43]
    - [-43.9993, 0.219998, -44, 0, 0, -0.44]
    - [-44.9993, 0.224998, -45, 0, 0, -0.45]
    - [-45.9992, 0.229998, -46, 0, 0, -0.46]
    - [-46.9992, 0.234998, -47, 0, 0, -0.47]
    - [-47.9992, 0.239998, -48, 0, 0, -0.48]
    - [-48.9992, 0.244998, -49, 0, 0, -0.49]
    - [-49.9992, 0.249998, -50, 0, 0, -0.5]
    - [-50.9992, 0.254998, -51, 0, 0, -0.51]
    - [-51.9991, 0.259998, -52, 0, 0, -0.52]
    - [-52.9991, 0.264998, -53, 0, 0, -0.53]
    - [-53.9991, 0.269998, -54, 0, 0, -0.54]
    - [-54.9991, 0.274998, -55, 0, 0, -0.55]
    - [-55.9991, 0.279998, -56, 0, 0, -0.56]
    - [-56.9991, 0.284998, -57, 0, 0, -0.57]
    - [-57.999, 0.289998, -58, 0, 0, -0.58]
    - [-58.999, 0.294998, -59, 0, 0, -0.59]
    - [-59.999, 0.299998, -60, 0, 0, -0.6]
    - [-60.999, 0.304997, -61, 0, 0, -0.61]
    - [-61.999, 0.309997, -62, 0, 0, -0.62]
    - [-62.999, 0.314997, -63, 0, 0, -0.63]
    - [-63.9989, 0.319997, -64, 0, 0, -0.64]
    - [-64.9989, 0.324997, -65, 0, 0, -0.65]
    - [-65.9989, 0.329997, -66, 0, 0, -0.66]
    - [-66.9989, 0.334997, -67, 0, 0, -0.67]
    - [-67.9989, 0.339997, -68, 0, 0, -0.68]
    - [-68.9989, 0.344997, -69, 0, 0, -0.69]
    - [-69.9988, 0.349997, -70, 0, 0, -0.7]
    - [-70.9988, 0.354997, -71, 0, 0, -0.71]
    - [-71.9988, 0.359997, -72, 0, 0, -0.72]
    - [-72.9988, 0.364997, -73, 0, 0, -0.73]
    - [-73.9988, 0.369997, -74, 0, 0, -0.74]
    - [-74.9988, 0.374997, -75, 0, 0, -0.75]
    - [-75.9987, 0.379997, -76, 0, 0, -0.76]
    - [-76.9987, 0.384997, -77, 0, 0, -0.77]
    - [-77.9987, 0.389997, -78, 0, 0, -0.78]
    - [-78.9987, 0.394997, -79, 0, 0, -0.79]
    - [-79.9987, 0.399997, -80, 0, 0, -0.8]
    - [-80.9987, 0.404997, -81, 0, 0, -0.81]
    - [-81.9986, 0.409997, -82, 0, 0, -0.82]
    - [-82.9986, 0.414997, -83, 0, 0, -0.83]
    - [-83.9986, 0.419997, -84, 0, 0, -0.84]
    - [-84.9986, 0.424996, -85, 0, 0, -0.85]
    - [-85.9986, 0.429996, -86, 0, 0, -0.86]
    - [-86.9986, 0.434996, -87, 0, 0, -0.87]
    - [-87.9985, 0.439996, -88, 0, 0, -0.88]
    - [-88.9985, 0.444996, -89, 0, 0, -0.89]
    - [-89.9985, 0.449996, -90, 0, 0, -0.9]
    - [-90.9985, 0.454996, -91, 0, 0, -0.91]
    - [-91.9985, 0.459996, -92, 0, 0, -0.92]
    - [-92.9985, 0.464996, -93, 0, 0, -0.93]
    - [-93.9984, 0.469996, -94, 0, 0, -0.94]
    - [-94.9984, 0.474996, -95, 0, 0, -0.95]
    - [-95.9984, 0.479996, -96, 0, 0, -0.96]
    - [-96.9984, 0.484996, -97, 0, 0, -0.97]
    - [-97.9984, 0.489996, -98, 0, 0, -0.98]
    - [-98.9984, 0.494996, -99, 0, 0, -0.99]
    - [-99.9983, 0.499996, -100, 0, 0, -1]
    - [-100.998, 0.504996, -101, 0, 0, -1.01]
    - [-101.998, 0.509996, -102, 0, 0, -1.02]
    - [-102.998, 0.514996, -103, 0, 0, -1.03]
    - [-103.998, 0.519996, -104, 0, 0, -1.04]
    - [-104.998, 0.524996, -105, 0, 0, -1.05]
    - [-105.998, 0.529996, -106, 0, 0, -1.06]
    - [-106.998, 0.534996, -107, 0, 0, -1.07]
    - [-107.998, 0.539996, -108, 0, 0, -1.08]
    - [-108.998, 0.544995, -109, 0, 0, -1.09]
    - [-109.998, 0.549995, -110, 0, 0, -1.1]
    - [-110.998, 0.554995, -111, 0, 0, -1.11]
    - [-111.998, 0.559995, -112, 0, 0, -1.12]
    - [-112.998, 0.564995, -113, 0, 0, -1.13]
    - [-113.998, 0.569995, -114, 0, 0, -1.14]
    - [-114.998, 0.574995, -115, 0, 0, -1.15]
    - [-115.998, 0.579995, -116, 0, 0, -1.16]
    - [-116.998, 0.584995, -117, 0, 0, -1.17]
    - [-117.998, 0.589995, -118, 0, 0, -1.18]
    - [-118.998, 0.594995, -119, 0, 0, -1.19]
    - [-119.998, 0.599995, -120, 0, 0, -1.2]
    - [-120.998, 0.604995, -121, 0, 0, -1.21]
    - [-121.998, 0.609995, -122, 0, 0, -1.22]
    - [-122.998, 0.614995, -123, 0, 0, -1.23]
    - [-123.998, 0.619995, -124, 0, 0, -1.24]
    - [-124.998, 0.624995, -125, 0, 0, -1.25]
    - [-125.998, 0.629995, -126, 0, 0, -1.26]
    - [-126.998, 0.634995, -127, 0, 0, -1.27]
    - [-127.998, 0.639995, -128, 0, 0, -1.28]
    - [-128.998, 0.644995, -129, 0, 0, -1.29]
    - [-129.998, 0.649995, -130, 0, 0, -1.3]
    - [-130.998, 0.654995, -131, 0, 0, -1.31]
    - [-131.998, 0.659995, -132, 0, 0, -1.32]
    - [-132.998, 0.664994, -133, 0, 0, -1.33]
    - [-133.998, 0.669994, -134, 0, 0, -1.34]
    - [-134.998, 0.674994, -135, 0, 0, -1.35]
    - [-135.998, 0.679994, -136, 0, 0, -1.36]
    - [-136.998, 0.684994, -137, 0, 0, -1.37]
    - [-137.998, 0.689994, -138, 0, 0, -1.38]
    - [-138.998, 0.694994, -139, 0, 0, -1.39]
    - [-139.998, 0.699994, -140, 0, 0, -1.4]
    - [-140.998, 0.704994, -141, 0, 0, -1.41]
    - [-141.998, 0.709994, -142, 0, 0, -1.42]
    - [-142.998, 0.714994, -143, 0, 0, -1.43]
    - [-143.998, 0.719994, -144, 0, 0, -1.44]
    - [-144.998, 0.724994, -145, 0, 0, -1.45]
    - [-145.998, 0.729994, -146, 0, 0, -1.46]
    - [-146.998, 0.734994, -147, 0, 0, -1.47]
    - [-147.998, 0.739994, -148, 0, 0, -1.48]
    - [-148.998, 0.744994, -149, 0, 0, -1.49]
    - [-149.998, 0.749994, -150, 0, 0, -1.5]
    - [-150.997, 0.754994, -151, 0, 0, -1.51]
    - [-151.997, 0.759994, -152, 0, 0, -1.52]
    - [-152.997, 0.764994, -153, 0, 0, -1.53]
    - [-153.997, 0.769994, -154, 0, 0, -1.54]
    - [-154.997, 0.774994, -155, 0, 0, -1.55]
    - [-155.997, 0.779994, -156, 0, 0, -1.56]
    - [-156.997, 0.784993, -157, 0, 0, -1.57]
    - [-157.997, 0.789993, -158, 0, 0, -1.58]
    - [-158.997, 0.794993, -159, 0, 0, -1.59]
    - [-159.997, 0.799993, -160, 0, 0, -1.6]
    - [-160.997, 0.804993, -161, 0, 0, -1.61]
    - [-161.997, 0.809993, -162, 0, 0, -1.62]
    - [-162.997, 0.814993, -163, 0, 0, -1.63]
    - [-163.997, 0.819993, -164, 0, 0, -1.64]
    - [-164.997, 0.824993, -165, 0, 0, -1.65]
    - [-165.997, 0.829993, -166, 0, 0, -1.66]
    - [-166.997, 0.834993, -167, 0, 0, -1.67]
    - [-167.997, 0.839993, -168, 0, 0, -1.68]
    - [-168.997, 0.844993, -169, 0, 0, -1.69]
    - [-169.997, 0.849993, -170, 0, 0, -1.7]
    - [-170.997, 0.854993, -171, 0, 0, -1.71]
    - [-171.997, 0.859993, -172, 0, 0, -1.72]
    - [-172.997, 0.864993, -173, 0, 0, -1.73]
    - [-173.997, 0.869993, -174, 0, 0, -1.74]
    - [-174.997, 0.874993, -175, 0, 0, -1.75]
    - [-175.997, 0.879993, -176, 0, 0, -1.76]
    - [-176.997, 0.884993, -177, 0, 0, -1.77]
    - [-177.997, 0.889993, -178, 0, 0, -1.78]
    - [-178.997, 0.894993, -179, 0, 0, -1.79]
    - [-179.997, 0.899993, -180, 0, 0, -1.8]
    - [-180.997, 0.904992, -181, 0, 0, -1.81]
    - [-181.997, 0.909992, -182, 0, 0, -1.82]
    - [-182.997, 0.914992, -183, 0, 0, -1.83]
    - [-183.997, 0.919992, -184, 0, 0, -1.84]
    - [-184.997, 0.924992, -185, 0, 0, -1.85]
    - [-185.997, 0.929992, -186, 0, 0, -1.86]
    - [-186.997, 0.934992, -187, 0, 0, -1.87]
    - [-187.997, 0.939992, -188, 0, 0, -1.88]
    - [-188.997, 0.944992, -189, 0, 0, -1.89]
    - [-189.997, 0.949992, -190, 0, 0, -1.9]
    - [-190.997, 0.954992, -191, 0, 0, -1.91]
    - [-191.997, 0.959992, -192, 0, 0, -1.92]
    - [-192.997, 0.964992, -193, 0, 0, -1.93]
    - [-193.997, 0.969992, -194, 0, 0, -1.94]
    - [-194.997, 0.974992, -195, 0, 0, -1.95]
    - [-195.997, 0.979992, -196, 0, 0, -1.96]
    - [-196.997, 0.984992, -197, 0, 0, -1.97]
    - [-197.997, 0.989992, -198, 0, 0, -1.98]
    - [-198.997, 0.994992, -199, 0, 0, -1.99]
    - [-199.997, 0.999992, -200, 0, 0, -2]
    - [-200.997, 1.00499, -201, 0, 0, -2.01]
    - [-201.997, 1.00999, -202, 0, 0, -2.02]
    - [-202.997, 1.01499, -203, 0, 0, -2.03]
    - [-203.997, 1.01999, -204, 0, 0, -2.04]
    - [-204.997, 1.02499, -205, 0, 0, -2.05]
    - [-205.997, 1.02999, -206, 0, 0, -2.06]
    - [-206.997, 1.03499, -207, 0, 0, -2.07]
    - [-207.997, 1.03999, -208, 0, 0, -2.08]
    - [-208.997, 1.04499, -209, 0, 0, -2.09]
    - [-209.997, 1.04999, -210, 0, 0, -2.1]
    - [-210.996, 1.05499, -211, 0, 0, -2.11]
    - [-211.996, 1.05999, -212, 0, 0, -2.12]
    - [-212.996, 1.06499, -213, 0, 0, -2.13]
    - [-213.996, 1.06999, -214, 0, 0, -2.14]
    - [-214.996, 1.07499, -215, 0, 0, -2.15]
    - [-215.996, 1.07999, -216, 0, 0, -2.16]
    - [-216.996, 1.08499, -217, 0, 0, -2.17]
    - [-217.996, 1.08999, -218, 0, 0, -2.18]
    - [-218.996, 1.09499, -219, 0, 0, -2.19]
    - [-219.996, 1.09999, -220, 0, 0, -2.2]
    - [-220.996, 1.10499, -221, 0, 0, -2.21]
    - [-221.996, 1.10999, -222, 0, 0, -2.22]
    - [-222.996, 1.11499, -223, 0, 0, -2.23]
    - [-223.996, 1.11999, -224, 0, 0, -2.24]
    - [-224.996, 1.12499, -225, 0, 0, -2.25]
    - [-225.996, 1.12999, -226, 0, 0, -2.26]
    - [-226.996, 1.13499, -227, 0, 0, -2.27]
    - [-227.996, 1.13999, -228, 0, 0, -2.28]
    - [-228.996, 1.14499, -229, 0, 0, -2.29]
    - [-229.996, 1.14999, -230, 0, 0, -2.3]
    - [-230.996, 1.15499, -231, 0, 0, -2.31]
    - [-231.996, 1.15999, -232, 0, 0, -2.32]
    - [-232.996, 1.16499, -233, 0, 0, -2.33]
    - [-233.996, 1.16999, -234, 0, 0, -2.34]
    - [-234.996, 1.17499, -235, 0, 0, -2.35]
    - [-235.996, 1.17999, -236, 0, 0, -2.36]
    - [-236.996, 1.18499, -237, 0, 0, -2.37]
    - [-237.996, 1.18999, -238, 0, 0, -2.38]
    - [-238.996, 1.19499, -239, 0, 0, -2.39]
    - [-239.996, 1.19999, -240, 0, 0, -2.4]
    - [-240.996, 1.20499, -241, 0, 0, -2.41]
    - [-241.996, 1.20999, -242, 0, 0, -2.42]
    - [-242.996, 1.21499, -243, 0, 0, -2.43]
    - [-243.996, 1.21999, -244, 0, 0, -2.44]
    - [-244.996, 1.22499, -245, 0, 0, -2.45]
    - [-245.996, 1.22999, -246, 0, 0, -2.46]
    - [-246.996, 1.23499, -247, 0, 0, -2.47]
    - [-247.996, 1.23999, -248, 0, 0, -2.48]
    - [-248.996, 1.24499, -249, 0, 0, -2.49]
    - [-249.996, 1.24999, -250, 0, 0, -2.5]
    - [-250.996, 1.25499, -251, 0, 0, -2.51]
    - [-251.996, 1.25999, -252, 0, 0, -2.52]
    - [-252.996, 1.26499, -253, 0, 0, -2.53]
    - [-253.996, 1.26999, -254, 0, 0, -2.54]
    - [-254.996, 1.27499, -255, 0, 0, -2.55]
    - [-255.996, 1.27999, -256, 0, 0, -2.56]
    - [-256.996, 1.28499, -257, 0, 0, -2.57]
    - [-257.996, 1.28999, -258, 0, 0, -2.58]
    - [-258.996, 1.29499, -259, 0, 0, -2.59]
    - [-259.996, 1.29999, -260, 0, 0, -2.6]
    - [-260.996, 1.30499, -261, 0, 0, -2.61]
    - [-261.996, 1.30999, -262, 0, 0, -2.62]
    - [-262.996, 1.31499, -263, 0, 0, -2.63]
    - [-263.996, 1.31999, -264, 0, 0, -2.64]
    - [-264.996, 1.32499, -265, 0, 0, -2.65]
    - [-265.996, 1.32999, -266, 0, 0, -2.66]
    - [-266.996, 1.33499, -267, 0, 0, -2.67]
    - [-267.996, 1.33999, -268, 0, 0, -2.68]
    - [-268.996, 1.34499, -269, 0, 0, -2.69]
    - [-269.996, 1.34999, -270, 0, 0, -2.7]
    - [-270.995, 1.35499, -271, 0, 0, -2.71]
    - [-271.995, 1.35999, -272, 0, 0, -2.72]
    - [-272.995, 1.36499, -273, 0, 0, -2.73]
    - [-273.995, 1.36999, -274, 0, 0, -2.74]
    - [-274.995, 1.37499, -275, 0, 0, -2.75]
    - [-275.995, 1.37999, -276, 0, 0, -2.76]
    - [-276.995, 1.38499, -277, 0, 0, -2.77]
    - [-277.995, 1.38999, -278, 0, 0, -2.78]
    - [-278.995, 1.39499, -279, 0, 0, -2.79]
    - [-279.995, 1.39999, -280, 0, 0, -2.8]
    - [-280.995, 1.40499, -281, 0, 0, -2.81]
    - [-281.995, 1.40999, -282, 0, 0, -2.82]
    - [-282.995, 1.41499, -283, 0, 0, -2.83]
    - [-283.995, 1.41999, -284, 0, 0, -2.84]
    - [-284.995, 1.42499, -285, 0, 0, -2.85]
    - [-285.995, 1.42999, -286, 0, 0, -2.86]
    - [-286.995, 1.43499, -287, 0, 0, -2.87]
    - [-287.995, 1.43999, -288, 0, 0, -2.88]
    - [-288.995, 1.44499, -289, 0, 0, -2.89]
    - [-289.995, 1.44999, -290, 0, 0, -2.9]
    - [-290.995, 1.45499, -291, 0, 0, -2.91]
    - [-291.995, 1.45999, -292, 0, 0, -2.92]
    - [-292.995, 1.46499, -293, 0, 0, -2.93]
    - [-293.995, 1.46999, -294, 0, 0, -2.94]
    - [-294.995, 1.47499, -295, 0, 0, -2.95]
    - [-295.995, 1.47999, -296, 0, 0, -2.96]
    - [-296.995, 1.48499, -297, 0, 0, -2.97]
    - [-297.995, 1.48999, -298, 0, 0, -2.98]
    - [-298.995, 1.49499, -299, 0, 0, -2.99]
    - [-299.995, 1.49999, -300, 0, 0, -3]
    - [-300.995, 1.50499, -301, 0, 0, -3.01]
    - [-301.995, 1.50999, -302, 0, 0, -3.02]
    - [-302.995, 1.51499, -303, 0, 0, -3.03]
    - [-303.995, 1.51999, -304, 0, 0, -3.04]
    - [-304.995, 1.52499, -305, 0, 0, -3.05]
    - [-305.995, 1.52999, -306, 0, 0, -3.06]
    - [-306.995, 1.53499, -307, 0, 0, -3.07]
    - [-307.995, 1.53999, -308, 0, 0, -3.08]
    - [-308.995, 1.54499, -309, 0, 0, -3.09]
    - [-309.995, 1.54999, -310, 0, 0, -3.1]
    - [-310.995, 1.55499, -311, 0, 0, -3.11]
    - [-311.995, 1.55999, -312, 0, 0, -3.12]
    - [-312.995, 1.56499, -313, 0, 0, -3.13]
    - [-313.995, 1.56999, -314, 0, 0, -3.14]
    - [-314.995, 1.57499, -315, 0, 0, 3.13319]
    - [-315.995, 1.57999, -316, 0, 0, 3.12319]
    - [-316.995, 1.58499, -317, 0, 0, 3.11319]
    - [-317.995, 1.58999, -318, 0, 0, 3.10319]
    - [-318.995, 1.59499, -319, 0, 0, 3.09319]
    - [-319.995, 1.59999, -320, 0, 0, 3.08319]
    - [-320.995, 1.60499, -321, 0, 0, 3.07319]
    - [-321.995, 1.60999, -322, 0, 0, 3.06319]
    - [-322.995, 1.61499, -323, 0, 0, 3.05319]
    - [-323.995, 1.61999, -324, 0, 0, 3.04319]
    - [-324.995, 1.62499, -325, 0, 0, 3.03319]
    - [-325.995, 1.62999, -326, 0, 0, 3.02319]
    - [-326.995, 1.63499, -327, 0, 0, 3.01319]
    - [-327.995, 1.63999, -328, 0, 0, 3.00319]
    - [-328.995, 1.64499, -329, 0, 0, 2.99319]
    - [-329.995, 1.64999, -330, 0, 0, 2.98319]
    - [-330.994, 1.65499, -331, 0, 0, 2.97319]
    - [-331.994, 1.65999, -332, 0, 0, 2.96319]
    - [-332.994, 1.66499, -333, 0, 0, 2.95319]
    - [-333.994, 1.66999, -334, 0, 0, 2.94319]
    - [-334.994, 1.67499, -335, 0, 0, 2.93319]
    - [-335.994, 1.67999, -336, 0, 0, 2.92319]
    - [-336.994, 1.68499, -337, 0, 0, 2.91319]
    - [-337.994, 1.68999, -338, 0, 0, 2.90319]
    - [-338.994, 1.69499, -339, 0, 0, 2.89319]
    - [-339.994, 1.69999, -340, 0, 0, 2.88319]
    - [-340.994, 1.70499, -341, 0, 0, 2.87319]
    - [-341.994, 1.70999, -342, 0, 0, 2.86319]
    - [-342.994, 1.71499, -343, 0, 0, 2.85319]
    - [-343.994, 1.71999, -344, 0, 0, 2.84319]
    - [-344.994, 1.72499, -345, 0, 0, 2.83319]
    - [-345.994, 1.72999, -346, 0, 0, 2.82319]
    - [-346.994, 1.73499, -347, 0, 0, 2.81319]
    - [-347.994, 1.73999, -348, 0, 0, 2.80319]
    - [-348.994, 1.74499, -349, 0, 0, 2.79319]
    - [-349.994, 1.74999, -350, 0, 0, 2.78319]
    - [-350.994, 1.75499, -351, 0, 0, 2.77319]
    - [-351.994, 1.75999, -352, 0, 0, 2.76319]
    - [-352.994, 1.76499, -353, 0, 0, 2.75319]
    - [-353.994, 1.76999, -354, 0, 0, 2.74319]
    - [-354.994, 1.77499, -355, 0, 0, 2.73319]
    - [-355.994, 1.77999, -356, 0, 0, 2.72319]
    - [-356.994, 1.78499, -357, 0, 0, 2.71319]
    - [-357.994, 1.78999, -358, 0, 0, 2.70319]
    - [-358.994, 1.79499, -359, 0, 0, 2.69319]
    - [-359.994, 1.79999, -360, 0, 0, 2.68319]
    - [-360.994, 1.80498, -361, 0, 0, 2.67319]
    - [-361.994, 1.80998, -362, 0, 0, 2.66319]
    - [-362.994, 1.81498, -363, 0, 0, 2.65319]
    - [-363.994, 1.81998, -364, 0, 0, 2.64319]
    - [-364.994, 1.82498, -365, 0, 0, 2.63319]
    - [-365.994, 1.82998, -366, 0, 0, 2.62319]
    - [-366.994, 1.83498, -367, 0, 0, 2.61319]
    - [-367.994, 1.83998, -368, 0, 0, 2.60319]
    - [-368.994, 1.84498, -369, 0, 0, 2.59319]
    - [-369.994, 1.84998, -370, 0, 0, 2.58319]
    - [-370.994, 1.85498, -371, 0, 0, 2.57319]
    - [-371.994, 1.85998, -372, 0, 0, 2.56319]
    - [-372.994, 1.86498, -373, 0, 0, 2.55319]
    - [-373.994, 1.86998, -374, 0, 0, 2.54319]
    - [-374.994, 1.87498, -375, 0, 0, 2.53319]
    - [-375.994, 1.87998, -376, 0, 0, 2.52319]
    - [-376.994, 1.88498, -377, 0, 0, 2.51319]
    - [-377.994, 1.88998, -378, 0, 0, 2.50319]
    - [-378.994, 1.89498, -379, 0, 0, 2.49319]
    - [-379.994, 1.89998, -380, 0, 0, 2.48319]
    - [-380.994, 1.90498, -381, 0, 0, 2.47319]
    - [-381.994, 1.90998, -382, 0, 0, 2.46319]
    - [-382.994, 1.91498, -383, 0, 0, 2.45319]
    - [-383.994, 1.91998, -384, 0, 0, 2.44319]
    - [-384.994, 1.92498, -385, 0, 0, 2.43319]
    - [-385.994, 1.92998, -386, 0, 0, 2.42319]
    - [-386.994, 1.93498, -387, 0, 0, 2.41319]
    - [-387.994, 1.93998, -388, 0, 0, 2.40319]
    - [-388.994, 1.94498, -389, 0, 0, 2.39319]
    - [-389.994, 1.94998, -390, 0, 0, 2.38319]
    - [-390.993, 1.95498, -391, 0, 0, 2.37319]
    - [-391.993, 1.95998, -392, 0, 0, 2.36319]
    - [-392.993, 1.96498, -393, 0, 0, 2.35319]
    - [-393.993, 1.96998, -394, 0, 0, 2.34319]
    - [-394.993, 1.97498, -395, 0, 0, 2.33319]
    - [-395.993, 1.97998, -396, 0, 0, 2.32319]
    - [-396.993, 1.98498, -397, 0, 0, 2.31319]
    - [-397.993, 1.98998, -398, 0, 0, 2.30319]
    - [-398.993, 1.99498, -399, 0, 0, 2.29319]
    - [-399.993, 1.99998, -400, 0, 0, 2.28319]
    - [-400.993, 2.00498, -401, 0, 0, 2.27319]
    - [-401.993, 2.00998, -402, 0, 0, 2.26319]
    - [-402.993, 2.01498, -403, 0, 0, 2.25319]
    - [-403.993, 2.01998, -404, 0, 0, 2.24319]
    - [-404.993, 2.02498, -405, 0, 0, 2.23319]
    - [-405.993, 2.02998, -406, 0, 0, 2.22319]
    - [-406.993, 2.03498, -407, 0, 0, 2.21319]
    - [-407.993, 2.03998, -408, 0, 0, 2.20319]
    - [-408.993, 2.04498, -409, 0, 0, 2.19319]
    - [-409.993, 2.04998, -410, 0, 0, 2.18319]
    - [-410.993, 2.05498, -411, 0, 0, 2.17319]
    - [-411.993, 2.05998, -412, 0, 0, 2.16319]
    - [-412.993, 2.06498, -413, 0, 0, 2.15319]
    - [-413.993, 2.06998, -414, 0, 0, 2.14319]
    - [-414.993, 2.07498, -415, 0, 0, 2.13319]
    - [-415.993, 2.07998, -416, 0, 0, 2.12319]
    - [-416.993, 2.08498, -417, 0, 0, 2.11319]
    - [-417.993, 2.08998, -418, 0, 0, 2.10319]
    - [-418.993, 2.09498, -419, 0, 0, 2.09319]
    - [-419.993, 2.09998, -420, 0, 0, 2.08319]
    - [-420.993, 2.10498, -421, 0, 0, 2.07319]
    - [-421.993, 2.10998, -422, 0, 0, 2.06319]
    - [-422.993, 2.11498, -423, 0, 0, 2.05319]
    - [-423.993, 2.11998, -424, 0, 0, 2.04319]
    - [-424.993, 2.12498, -425, 0, 0, 2.03319]
    - [-425.993, 2.12998, -426, 0, 0, 2.02319]
    - [-426.993, 2.13498, -427, 0, 0, 2.01319]
    - [-427.993, 2.13998, -428, 0, 0, 2.00319]
    - [-428.993, 2.14498, -429, 0, 0, 1.99319]
    - [-429.993, 2.14998, -430, 0, 0, 1.98319]
    - [-430.993, 2.15498, -431, 0, 0, 1.97319]
    - [-431.993, 2.15998, -432, 0, 0, 1.96319]
    - [-432.993, 2.16498, -433, 0, 0, 1.95319]
    - [-433.993, 2.16998, -434, 0, 0, 1.94319]
    - [-434.993, 2.17498, -435, 0, 0, 1.93319]
    - [-435.993, 2.17998, -436, 0, 0, 1.92319]
    - [-436.993, 2.18498, -437, 0, 0, 1.91319]
    - [-437.993, 2.18998, -438, 0, 0, 1.90319]
    - [-438.993, 2.19498, -439, 0, 0, 1.89319]
    - [-439.993, 2.19998, -440, 0, 0, 1.88319]
    - [-440.993, 2.20498, -441, 0, 0, 1.87319]
    - [-441.993, 2.20998, -442, 0, 0, 1.86319]
    - [-442.993, 2.21498, -443, 0, 0, 1.85319]
    - [-443.993, 2.21998, -444, 0, 0, 1.84319]
    - [-444.993, 2.22498, -445, 0, 0, 1.83319]
    - [-445.993, 2.22998, -446, 0, 0, 1.82319]
    - [-446.993, 2.23498, -447, 0, 0, 1.81319]
    - [-447.993, 2.23998, -448, 0, 0, 1.80319]
    - [-448.993, 2.24498, -449, 0, 0, 1.79319]
    - [-449.993, 2.24998, -450, 0, 0, 1.78319]
    - [-450.992, 2.25498, -451, 0, 0, 1.77319]
    - [-451.992, 2.25998, -452, 0, 0, 1.76319]
    - [-452.992, 2.26498, -453, 0, 0, 1.75319]
    - [-453.992, 2.26998, -454, 0, 0, 1.74319]
    - [-454.992, 2.27498, -455, 0, 0, 1.73319]
    - [-455.992, 2.27998, -456, 0, 0, 1.72319]
    - [-456.992, 2.28498, -457, 0, 0, 1.71319]
    - [-457.992, 2.28998, -458, 0, 0, 1.70319]
    - [-458.992, 2.29498, -459, 0, 0, 1.69319]
    - [-459.992, 2.29998, -460, 0, 0, 1.68319]
    - [-460.992, 2.30498, -461, 0, 0, 1.67319]
    - [-461.992, 2.30998, -462, 0, 0, 1.66319]
    - [-462.992, 2.31498, -463, 0, 0, 1.65319]
    - [-463.992, 2.31998, -464, 0, 0, 1.64319]
    - [-464.992, 2.32498, -465, 0, 0, 1.63319]
    - [-465.992, 2.32998, -466, 0, 0, 1.62319]
    - [-466.992, 2.33498, -467, 0, 0, 1.61319]
    - [-467.992, 2.33998, -468, 0, 0, 1.60319]
    - [-468.992, 2.34498, -469, 0, 0, 1.59319]
    - [-469.992, 2.34998, -470, 0, 0, 1.58319]
    - [-470.992, 2.35498, -471, 0, 0, 1.57319]
    - [-471.992, 2.35998, -472, 0, 0, 1.56319]
    - [-472.992, 2.36498, -473, 0, 0, 1.55319]
    - [-473.992, 2.36998, -474, 0, 0, 1.54319]
    - [-474.992, 2.37498, -475, 0, 0, 1.53319]
    - [-475.992, 2.37998, -476, 0, 0, 1.52319]
    - [-476.992, 2.38498, -477, 0, 0, 1.51319]
    - [-477.992, 2.38998, -478, 0, 0, 1.50319]
    - [-478.992, 2.39498, -479, 0, 0, 1.49319]
    - [-479.992, 2.39998, -480, 0, 0, 1.48319]
    - [-480.992, 2.40498, -481, 0, 0, 1.47319]
    - [-481.992, 2.40998, -482, 0, 0, 1.46319]
    - [-482.992, 2.41498, -483, 0, 0, 1.45319]
    - [-483.992, 2.41998, -484, 0, 0, 1.44319]
    - [-484.992, 2.42498, -485, 0, 0, 1.43319]
    - [-485.992, 2.42998, -486, 0, 0, 1.42319]
    - [-486.992, 2.43498, -487, 0, 0, 1.41319]
    - [-487.992, 2.43998, -488, 0, 0, 1.40319]
    - [-488.992, 2.44498, -489, 0, 0, 1.39319]
    - [-489.992, 2.44998, -490, 0, 0, 1.38319]
    - [-490.992, 2.45498, -491, 0, 0, 1.37319]
    - [-491.992, 2.45998, -492, 0, 0, 1.36319]
    - [-492.992, 2.46498, -493, 0, 0, 1.35319]
    - [-493.992, 2.46998, -494, 0, 0, 1.34319]
    - [-494.992, 2.47498, -495, 0, 0, 1.33319]
    - [-495.992, 2.47998, -496, 0, 0, 1.32319]
    - [-496.992, 2.48498, -497, 0, 0, 1.31319]
    - [-497.992, 2.48998, -498, 0, 0, 1.30319]
    - [-498.992, 2.49498, -499, 0, 0, 1.29319]
    - [-499.992, 2.49998, -500, 0, 0, 1.28319]
    - [-500.992, 2.50498, -501, 0, 0, 1.27319]
    - [-501.992, 2.50998, -502, 0, 0, 1.26319]
    - [-502.992, 2.51498, -503, 0, 0, 1.25319]
    - [-503.992, 2.51998, -504, 0, 0, 1.24319]
    - [-504.992, 2.52498, -505, 0, 0, 1.23319]
    - [-505.992, 2.52998, -506, 0, 0, 1.22319]
    - [-506.992, 2.53498, -507, 0, 0, 1.21319]
    - [-507.992, 2.53998, -508, 0, 0, 1.20319]
    - [-508.992, 2.54498, -509, 0, 0, 1.19319]
    - [-509.992, 2.54998, -510, 0, 0, 1.18319]
    - [-510.991, 2.55498, -511, 0, 0, 1.17319]
    - [-511.991, 2.55998, -512, 0, 0, 1.16319]
    - [-512.991, 2.56498, -513, 0, 0, 1.15319]
    - [-513.991, 2.56998, -514, 0, 0, 1.14319]
    - [-514.991, 2.57498, -515, 0, 0, 1.13319]
    - [-515.991, 2.57998, -516, 0, 0, 1.12319]
    - [-516.991, 2.58498, -517, 0, 0, 1.11319]
    - [-517.991, 2.58998, -518, 0, 0, 1.10319]
    - [-518.991, 2.59498, -519, 0, 0, 1.09319]
    - [-519.991, 2.59998, -520, 0, 0, 1.08319]
    - [-520.991, 2.60498, -521, 0, 0, 1.07319]
    - [-521.991, 2.60998, -522, 0, 0, 1.06319]
    - [-522.991, 2.61498, -523, 0, 0, 1.05319]
    - [-523.991, 2.61998, -524, 0, 0, 1.04319]
    - [-524.991, 2.62498, -525, 0, 0, 1.03319]
    - [-525.991, 2.62998, -526, 0, 0, 1.02319]
    - [-526.991, 2.63498, -527, 0, 0, 1.01319]
    - [-527.991, 2.63998, -528, 0, 0, 1.00319]
    - [-528.991, 2.64498, -529, 0, 0, 0.993185]
    - [-529.991, 2.64998, -530, 0, 0, 0.983185]
    - [-530.991, 2.65498, -531, 0, 0, 0.973185]
    - [-531.991, 2.65998, -532, 0, 0, 0.963185]
    - [-532.991, 2.66498, -533, 0, 0, 0.953185]
    - [-533.991, 2.66998, -534, 0, 0, 0.943185]
    - [-534.991, 2.67498, -535, 0, 0, 0.933185]
    - [-535.991, 2.67998, -536, 0, 0, 0.923185]
    - [-536.991, 2.68498, -537, 0, 0, 0.913185]
    - [-537.991, 2.68998, -538, 0, 0, 0.903185]
    - [-538.991, 2.69498, -539, 0, 0, 0.893185]
    - [-539.991, 2.69998, -540, 0, 0, 0.883185]
    - [-540.991, 2.70498, -541, 0, 0, 0.873185]
    - [-541.991, 2.70998, -542, 0, 0, 0.863185]
    - [-542.991, 2.71498, -543, 0, 0, 0.853185]
    - [-543.991, 2.71998, -544, 0, 0, 0.843185]
    - [-544.991, 2.72498, -545, 0, 0, 0.833185]
    - [-545.991, 2.72998, -546, 0, 0, 0.823185]
    - [-546.991, 2.73498, -547, 0, 0, 0.813185]
    - [-547.991, 2.73998, -548, 0, 0, 0.803185]
    - [-548.991, 2.74498, -549, 0, 0, 0.793185]
    - [-549.991, 2.74998, -550, 0, 0, 0.783185]
    - [-550.991, 2.75498, -551, 0, 0, 0.773185]
    - [-551.991, 2.75998, -552, 0, 0, 0.763185]
    - [-552.991, 2.76498, -553, 0, 0, 0.753185]
    - [-553.991, 2.76998, -554, 0, 0, 0.743185]
    - [-554.991, 2.77498, -555, 0, 0, 0.733185]
    - [-555.991, 2.77998, -556, 0, 0, 0.723185]
    - [-556.991, 2.78498, -557, 0, 0, 0.713185]
    - [-557.991, 2.78998, -558, 0, 0, 0.703185]
    - [-558.991, 2.79498, -559, 0, 0, 0.693185]
    - [-559.991, 2.79998, -560, 0, 0, 0.683185]
    - [-560.991, 2.80498, -561, 0, 0, 0.673185]
    - [-561.991, 2.80998, -562, 0, 0, 0.663185]
    - [-562.991, 2.81498, -563, 0, 0, 0.653185]
    - [-563.991, 2.81998, -564, 0, 0, 0.643185]
    - [-564.991, 2.82498, -565, 0, 0, 0.633185]
    - [-565.991, 2.82998, -566, 0, 0, 0.623185]
    - [-566.991, 2.83498, -567, 0, 0, 0.613185]
    - [-567.991, 2.83998, -568, 0, 0, 0.603185]
    - [-568.991, 2.84498, -569, 0, 0, 0.593185]
    - [-569.991, 2.84998, -570, 0, 0, 0.583185]
    - [-570.99, 2.85498, -571, 0, 0, 0.573185]
    - [-571.99, 2.85998, -572, 0, 0, 0.563185]
    - [-572.99, 2.86498, -573, 0, 0, 0.553185]
    - [-573.99, 2.86998, -574, 0, 0, 0.543185]
    - [-574.99, 2.87498, -575, 0, 0, 0.533185]
    - [-575.99, 2.87998, -576, 0, 0, 0.523185]
    - [-576.99, 2.88498, -577, 0, 0, 0.513185]
    - [-577.99, 2.88998, -578, 0, 0, 0.503185]
    - [-578.99, 2.89498, -579, 0, 0, 0.493185]
    - [-579.99, 2.89998, -580, 0, 0, 0.483185]
    - [-580.99, 2.90498, -581, 0, 0, 0.473185]
    - [-581.99, 2.90998, -582, 0, 0, 0.463185]
    - [-582.99, 2.91498, -583, 0, 0, 0.453185]
    - [-583.99, 2.91998, -584, 0, 0, 0.443185]
    - [-584.99, 2.92498, -585, 0, 0, 0.433185]
    - [-585.99, 2.92998, -586, 0, 0, 0.423185]
    - [-586.99, 2.93498, -587, 0, 0, 0.413185]
    - [-587.99, 2.93998, -588, 0, 0, 0.403185]
    - [-588.99, 2.94498, -589, 0, 0, 0.393185]
    - [-589.99, 2.94998, -590, 0, 0, 0.383185]
    - [-590.99, 2.95498, -591, 0, 0, 0.373185]
    - [-591.99, 2.95998, -592, 0, 0, 0.363185]
    - [-592.99, 2.96498, -593, 0, 0, 0.353185]
    - [-593.99, 2.96998, -594, 0, 0, 0.343185]
    - [-594.99, 2.97498, -595, 0, 0, 0.333185]
    - [-595.99, 2.97998, -596, 0, 0, 0.323185]
    - [-596.99, 2.98498, -597, 0, 0, 0.313185]
    - [-597.99, 2.98998, -598, 0, 0, 0.303185]
    - [-598.99, 2.99498, -599, 0, 0, 0.293185]
    - [-599.99, 2.99998, -600, 0, 0, 0.283185]
    - [-600.99, 3.00497, -601, 0, 0, 0.273185]
    - [-601.99, 3.00997, -602, 0, 0, 0.263185]
    - [-602.99, 3.01497, -603, 0, 0, 0.253185]
    - [-603.99, 3.01997, -604, 0, 0, 0.243185]
    - [-604.99, 3.02497, -605, 0, 0, 0.233185]
    - [-605.99, 3.02997, -606, 0, 0, 0.223185]
    - [-606.99, 3.03497, -607, 0, 0, 0.213185]
    - [-607.99, 3.03997, -608, 0, 0, 0.203185]
    - [-608.99, 3.04497, -609, 0, 0, 0.193185]
    - [-609.99, 3.04997, -610, 0, 0, 0.183185]
    - [-610.99, 3.05497, -611, 0, 0, 0.173185]
    - [-611.99, 3.05997, -612, 0, 0, 0.163185]
    - [-612.99, 3.06497, -613, 0, 0, 0.153185]
    - [-613.99, 3.06997, -614, 0, 0, 0.143185]
    - [-614.99, 3.07497, -615, 0, 0, 0.133185]
    - [-615.99, 3.07997, -616, 0, 0, 0.123185]
    - [-616.99, 3.08497, -617, 0, 0, 0.113185]
    - [-617.99, 3.08997, -618, 0, 0, 0.103185]
    - [-618.99, 3.09497, -619, 0, 0, 0.0931853]
    - [-619.99, 3.09997, -620, 0, 0, 0.0831853]
    - [-620.99, 3.10497, -621, 0, 0, 0.0731853]
    - [-621.99, 3.10997, -622, 0, 0, 0.0631853]
    - [-622.99, 3.11497, -623, 0, 0, 0.0531853]
    - [-623.99, 3.11997, -624, 0, 0, 0.0431853]
    - [-624.99, 3.12497, -625, 0, 0, 0.0331853]
    - [-625.99, 3.12997, -626, 0, 0, 0.0231853]
    - [-626.99, 3.13497, -627, 0, 0, 0.0131853]
    - [-627.99, 3.13997, -628, 0, 0, 0.00318531]
    - [-628.99, 3.14497, -629, 0, 0, -0.00681469]
    - [-629.99, 3.14997, -630, 0, 0, -0.0168147]
    - [-630.989, 3.15497, -631, 0, 0, -0.0268147]
    - [-631.989, 3.15997, -632, 0, 0, -0.0368147]
    - [-632.989, 3.16497, -633, 0, 0, -0.0468147]
    - [-633.989, 3.16997, -634, 0, 0, -0.0568147]
    - [-634.989, 3.17497, -635, 0, 0, -0.0668147]
    - [-635.989, 3.17997, -636, 0, 0, -0.0768147]
    - [-636.989, 3.18497, -637, 0, 0, -0.0868147]
    - [-637.989, 3.18997, -638, 0, 0, -0.0968147]
    - [-638.989, 3.19497, -639, 0, 0, -0.106815]
    - [-639.989, 3.19997, -640, 0, 0, -0.116815]
    - [-640.989, 3.20497, -641, 0, 0, -0.126815]
    - [-641.989, 3.20997, -642, 0, 0, -0.136815]
    - [-642.989, 3.21497, -643, 0, 0, -0.146815]
    - [-643.989, 3.21997, -644, 0, 0, -0.156815]
    - [-644.989, 3.22497, -645, 0, 0, -0.166815]
    - [-645.989, 3.22997, -646, 0, 0, -0.176815]
    - [-646.989, 3.23497, -647, 0, 0, -0.186815]
    - [-647.989, 3.23997, -648, 0, 0, -0.196815]
    - [-648.989, 3.24497, -649, 0, 0, -0.206815]
    - [-649.989, 3.24997, -650, 0, 0, -0.216815]
    - [-650.989, 3.25497, -651, 0, 0, -0.226815]
    - [-651.989, 3.25997, -652, 0, 0, -0.236815]
    - [-652.989, 3.26497, -653, 0, 0, -0.246815]
    - [-653.989, 3.26997, -654, 0, 0, -0.256815]
    - [-654.989, 3.27497, -655, 0, 0, -0.266815]
    - [-655.989, 3.27997, -656, 0, 0, -0.276815]
    - [-656.989, 3.28497, -657, 0, 0, -0.286815]
    - [-657.989, 3.28997, -658, 0, 0, -0.296815]
    - [-658.989, 3.29497, -659, 0, 0, -0.306815]
    - [-659.989, 3.29997, -660, 0, 0, -0.316815]
    - [-660.989, 3.30497, -661, 0, 0, -0.326815]
    - [-661.989, 3.30997, -662, 0, 0, -0.336815]
    - [-662.989, 3.31497, -663, 0, 0, -0.346815]
    - [-663.989, 3.31997, -664, 0, 0, -0.356815]
    - [-664.989, 3.32497, -665, 0, 0, -0.366815]
    - [-665.989, 3.32997, -666, 0, 0, -0.376815]
    - [-666.989, 3.33497, -667, 0, 0, -0.386815]
    - [-667.989, 3.33997, -668, 0, 0, -0.396815]
    - [-668.989, 3.34497, -669, 0, 0, -0.406815]
    - [-669.989, 3.34997, -670, 0, 0, -0.416815]
    - [-670.989, 3.35497, -671, 0, 0, -0.426815]
    - [-671.989, 3.35997, -672, 0, 0, -0.436815]
    - [-672.989, 3.36497, -673, 0, 0, -0.446815]
    - [-673.989, 3.36997, -674, 0, 0, -0.456815]
    - [-674.989, 3.37497, -675, 0, 0, -0.466815]
    - [-675.989, 3.37997, -676, 0, 0, -0.476815]
    - [-676.989, 3.38497, -677, 0, 0, -0.486815]
    - [-677.989, 3.38997, -678, 0, 0, -0.496815]
    - [-678.989, 3.39497, -679, 0, 0, -0.506815]
    - [-679.989, 3.39997, -680, 0, 0, -0.516815]
    - [-680.989, 3.40497, -681, 0, 0, -0.526815]
    - [-681.989, 3.40997, -682, 0, 0, -0.536815]
    - [-682.989, 3.41497, -683, 0, 0, -0.546815]
    - [-683.989, 3.41997, -684, 0, 0, -0.556815]
    - [-684.989, 3.42497, -685, 0, 0, -0.566815]
    - [-685.989, 3.42997, -686, 0, 0, -0.576815]
    - [-686.989, 3.43497, -687, 0, 0, -0.586815]
    - [-687.989, 3.43997, -688, 0, 0, -0.596815]
    - [-688.989, 3.44497, -689, 0, 0, -0.606815]
    - [-689.989, 3.44997, -690, 0, 0, -0.616815]
    - [-690.988, 3.45497, -691, 0, 0, -0.626815]
    - [-691.988, 3.45997, -692, 0, 0, -0.636815]
    - [-692.988, 3.46497, -693, 0, 0, -0.646815]
    - [-693.988, 3.46997, -694, 0, 0, -0.656815]
    - [-694.988, 3.47497, -695, 0, 0, -0.666815]
    - [-695.988, 3.47997, -696, 0, 0, -0.676815]
    - [-696.988, 3.48497, -697, 0, 0, -0.686815]
    - [-697.988, 3.48997, -698, 0, 0, -0.696815]
    - [-698.988, 3.49497, -699, 0, 0, -0.706815]
    - [-699.988, 3.49997, -700, 0, 0, -0.716815]
    - [-700.988, 3.50497, -701, 0, 0, -0.726815]
    - [-701.988, 3.50997, -702, 0, 0, -0.736815]
    - [-702.988, 3.51497, -703, 0, 0, -0.746815]
    - [-703.988, 3.51997, -704, 0, 0, -0.756815]
    - [-704.988, 3.52497, -705, 0, 0, -0.766815]
    - [-705.988, 3.52997, -706, 0, 0, -0.776815]
    - [-706.988, 3.53497, -707, 0, 0, -0.786815]
    - [-707.988, 3.53997, -708, 0, 0, -0.796815]
    - [-708.988, 3.54497, -709, 0, 0, -0.806815]
    - [-709.988, 3.54997, -710, 0, 0, -0.816815]
    - [-710.988, 3.55497, -711, 0, 0, -0.826815]
    - [-711.988, 3.55997, -712, 0, 0, -0.836815]
    - [-712.988, 3.56497, -713, 0, 0, -0.846815]
    - [-713.988, 3.56997, -714, 0, 0, -0.856815]
    - [-714.988, 3.57497, -715, 0, 0, -0.866815]
    - [-715.988, 3.57997, -716, 0, 0, -0.876815]
    - [-716.988, 3.58497, -717, 0, 0, -0.886815]
    - [-717.988, 3.58997, -718, 0, 0, -0.896815]
    - [-718.988, 3.59497, -719, 0, 0, -0.906815]
    - [-719.988, 3.59997, -720, 0, 0, -0.916815]
    - [-720.988, 3.60497, -721, 0, 0, -0.926815]
    - [-721.988, 3.60997, -722, 0, 0, -0.936815]
    - [-722.988, 3.61497, -723, 0, 0, -0.946815]
    - [-723.988, 3.61997, -724, 0, 0, -0.956815]
    - [-724.988, 3.62497, -725, 0, 0, -0.966815]
    - [-725.988, 3.62997, -726, 0, 0, -0.976815]
    - [-726.988, 3.63497, -727, 0, 0, -0.986815]
    - [-727.988, 3.63997, -728, 0, 0, -0.996815]
    - [-728.988, 3.64497, -729, 0, 0, -1.00681]
    - [-729.988, 3.64997, -730, 0, 0, -1.01681]
    - [-730.988, 3.65497, -731, 0, 0, -1.02681]
    - [-731.988, 3.65997, -732, 0, 0, -1.03681]
    - [-732.988, 3.66497, -733, 0, 0, -1.04681]
    - [-733.988, 3.66997, -734, 0, 0, -1.05681]
    - [-734.988, 3.67497, -735, 0, 0, -1.06681]
    - [-735.988, 3.67997, -736, 0, 0, -1.07681]
    - [-736.988, 3.68497, -737, 0, 0, -1.08681]
    - [-737.988, 3.68997, -738, 0, 0, -1.09681]
    - [-738.988, 3.69497, -739, 0, 0, -1.10681]
    - [-739.988, 3.69997, -740, 0, 0, -1.11681]
    - [-740.988, 3.70497, -741, 0, 0, -1.12681]
    - [-741.988, 3.70997, -742, 0, 0, -1.13681]
    - [-742.988, 3.71497, -743, 0, 0, -1.14681]
    - [-743.988, 3.71997, -744, 0, 0, -1.15681]
    - [-744.988, 3.72497, -745, 0, 0, -1.16681]
    - [-745.988, 3.72997, -746, 0, 0, -1.17681]
    - [-746.988, 3.73497, -747, 0, 0, -1.18681]
    - [-747.988, 3.73997, -748, 0, 0, -1.19681]
    - [-748.988, 3.74497, -749, 0, 0, -1.20681]
    - [-749.988, 3.74997, -750, 0, 0, -1.21681]
    - [-750.987, 3.75497, -751, 0, 0, -1.22681]
    - [-751.987, 3.75997, -752, 0, 0, -1.23681]
    - [-752.987, 3.76497, -753, 0, 0, -1.24681]
    - [-753.987, 3.76997, -754, 0, 0, -1.25681]
    - [-754.987, 3.77497, -755, 0, 0, -1.26681]
    - [-755.987, 3.77997, -756, 0, 0, -1.27681]
    - [-756.987, 3.78497, -757, 0, 0, -1.28681]
    - [-757.987, 3.78997, -758, 0, 0, -1.29681]
    - [-758.987, 3.79497, -759, 0, 0, -1.30681]
    - [-759.987, 3.79997, -760, 0, 0, -1.31681]
    - [-760.987, 3.80497, -761, 0, 0, -1.32681]
    - [-761.987, 3.80997, -762, 0, 0, -1.33681]
    - [-762.987, 3.81497, -763, 0, 0, -1.34681]
    - [-763.987, 3.81997, -764, 0, 0, -1.35681]
    - [-764.987, 3.82497, -765, 0, 0, -1.36681]
    - [-765.987, 3.82997, -766, 0, 0, -1.37681]
    - [-766.987, 3.83497, -767, 0, 0, -1.38681]
    - [-767.987, 3.83997, -768, 0, 0, -1.39681]
    - [-768.987, 3.84497, -769, 0, 0, -1.40681]
    - [-769.987, 3.84997, -770, 0, 0, -1.41681]
    - [-770.987, 3.85497, -771, 0, 0, -1.42681]
    - [-771.987, 3.85997, -772, 0, 0, -1.43681]
    - [-772.987, 3.86497, -773, 0, 0, -1.44681]
    - [-773.987, 3.86997, -774, 0, 0, -1.45681]
    - [-774.987, 3.87497, -775, 0, 0, -1.46681]
    - [-775.987, 3.87997, -776, 0, 0, -1.47681]
    - [-776.987, 3.88497, -777, 0, 0, -1.48681]
    - [-777.987, 3.88997, -778, 0, 0, -1.49681]
    - [-778.987, 3.89497, -779, 0, 0, -1.50681]
    - [-779.987, 3.89997, -780, 0, 0, -1.51681]
    - [-780.987, 3.90497, -781, 0, 0, -1.52681]
    - [-781.987, 3.90997, -782, 0, 0, -1.53681]
    - [-782.987, 3.91497, -783, 0, 0, -1.54681]
    - [-783.987, 3.91997, -784, 0, 0, -1.55681]
    - [-784.987, 3.92497, -785, 0, 0, -1.56681]
    - [-785.987, 3.92997, -786, 0, 0, -1.57681]
    - [-786.987, 3.93497, -787, 0, 0, -1.58681]
    - [-787.987, 3.93997, -788, 0, 0, -1.59681]
    - [-788.987, 3.94497, -789, 0, 0, -1.60681]
    - [-789.987, 3.94997, -790, 0, 0, -1.61681]
    - [-790.987, 3.95497, -791, 0, 0, -1.62681]
    - [-791.987, 3.95997, -792, 0, 0, -1.63681]
    - [-792.987, 3.96497, -793, 0, 0, -1.64681]
    - [-793.987, 3.96997, -794, 0, 0, -1.65681]
    - [-794.987, 3.97497, -795, 0, 0, -1.66681]
    - [-795.987, 3.97997, -796, 0, 0, -1.67681]
    - [-796.987, 3.98497, -797, 0, 0, -1.68681]
    - [-797.987, 3.98997, -798, 0, 0, -1.69681]
    - [-798.987, 3.99497, -799, 0, 0, -1.70681]
    - [-799.987, 3.99997, -800, 0, 0, -1.71681]
    - [-800.987, 4.00497, -801, 0, 0, -1.72681]
    - [-801.987, 4.00997, -802, 0, 0, -1.73681]
    - [-802.987, 4.01497, -803, 0, 0, -1.74681]
    - [-803.987, 4.01997, -804, 0, 0, -1.75681]
    - [-804.987, 4.02497, -805, 0, 0, -1.76681]
    - [-805.987, 4.02997, -806, 0, 0, -1.77681]
    - [-806.987, 4.03497, -807, 0, 0, -1.78681]
    - [-807.987, 4.03997, -808, 0, 0, -1.79681]
    - [-808.987, 4.04497, -809, 0, 0, -1.80681]
    - [-809.987, 4.04997, -810, 0, 0, -1.81681]
    - [-810.986, 4.05497, -811, 0, 0, -1.82681]
    - [-811.986, 4.05997, -812, 0, 0, -1.83681]
    - [-812.986, 4.06497, -813, 0, 0, -1.84681]
    - [-813.986, 4.06997, -814, 0, 0, -1.85681]
    - [-814.986, 4.07497, -815, 0, 0, -1.86681]
    - [-815.986, 4.07997, -816, 0, 0, -1.87681]
    - [-816.986, 4.08497, -817, 0, 0, -1.88681]
    - [-817.986, 4.08997, -818, 0, 0, -1.89681]
    - [-818.986, 4.09497, -819, 0, 0, -1.90681]
    - [-819.986, 4.09997, -820, 0, 0, -1.91681]
    - [-820.986, 4.10497, -821, 0, 0, -1.92681]
    - [-821.986, 4.10997, -822, 0, 0, -1.93681]
    - [-822.986, 4.11497, -823, 0, 0, -1.94681]
    - [-823.986, 4.11997, -824, 0, 0, -1.95681]
    - [-824.986, 4.12497, -825, 0, 0, -1.96681]
    - [-825.986, 4.12997, -826, 0, 0, -1.97681]
    - [-826.986, 4.13497, -827, 0, 0, -1.98681]
    - [-827.986, 4.13997, -828, 0, 0, -1.99681]
    - [-828.986, 4.14497, -829, 0, 0, -2.00681]
    - [-829.986, 4.14997, -830, 0, 0, -2.01681]
    - [-830.986, 4.15497, -831, 0, 0, -2.02681]
    - [-831.986, 4.15997, -832, 0, 0, -2.03681]
    - [-832.986, 4.16497, -833, 0, 0, -2.04681]
    - [-833.986, 4.16997, -834, 0, 0, -2.05681]
    - [-834.986, 4.17497, -835, 0, 0, -2.06681]
    - [-835.986, 4.17997, -836, 0, 0, -2.07681]
    - [-836.986, 4.18497, -837, 0, 0, -2.08681]
    - [-837.986, 4.18997, -838, 0, 0, -2.09681]
    - [-838.986, 4.19497, -839, 0, 0, -2.10681]
    - [-839.986, 4.19997, -840, 0, 0, -2.11681]
    - [-840.986, 4.20496, -841, 0, 0, -2.12681]
    - [-841.986, 4.20996, -842, 0, 0, -2.13681]
    - [-842.986, 4.21496, -843, 0, 0, -2.14681]
    - [-843.986, 4.21996, -844, 0, 0, -2.15681]
    - [-844.986, 4.22496, -845, 0, 0, -2.16681]
    - [-845.986, 4.22996, -846, 0, 0, -2.17681]
    - [-846.986, 4.23496, -847, 0, 0, -2.18681]
    - [-847.986, 4.23996, -848, 0, 0, -2.19681]
    - [-848.986, 4.24496, -849, 0, 0, -2.20681]
    - [-849.986, 4.24996, -850, 0, 0, -2.21681]
    - [-850.986, 4.25496, -851, 0, 0, -2.22681]
    - [-851.986, 4.25996, -852, 0, 0, -2.23681]
    - [-852.986, 4.26496, -853, 0, 0, -2.24681]
    - [-853.986, 4.26996, -854, 0, 0, -2.25681]
    - [-854.986, 4.27496, -855, 0, 0, -2.26681]
    - [-855.986, 4.27996, -856, 0, 0, -2.27681]
    - [-856.986, 4.28496, -857, 0, 0, -2.28681]
    - [-857.986, 4.28996, -858, 0, 0, -2.29681]
    - [-858.986, 4.29496, -859, 0, 0, -2.30681]
    - [-859.986, 4.29996, -860, 0, 0, -2.31681]
    - [-860.986, 4.30496, -861, 0, 0, -2.32681]
    - [-861.986, 4.30996, -862, 0, 0, -2.33681]
    - [-862.986, 4.31496, -863, 0, 0, -2.34681]
    - [-863.986, 4.31996, -864, 0, 0, -2.35681]
    - [-864.986, 4.32496, -865, 0, 0, -2.36681]
    - [-865.986, 4.32996, -866, 0, 0, -2.37681]
    - [-866.986, 4.33496, -867, 0, 0, -2.38681]
    - [-867.986, 4.33996, -868, 0, 0, -2.39681]
    - [-868.986, 4.34496, -869, 0, 0, -2.40681]
    - [-869.986, 4.34996, -870, 0, 0, -2.41681]
    - [-870.985, 4.35496, -871, 0, 0, -2.42681]
    - [-871.985, 4.35996, -872, 0, 0, -2.43681]
    - [-872.985, 4.36496, -873, 0, 0, -2.44681]
    - [-873.985, 4.36996, -874, 0, 0, -2.45681]
    - [-874.985, 4.37496, -875, 0, 0, -2.46681]
    - [-875.985, 4.37996, -876, 0, 0, -2.47681]
    - [-876.985, 4.38496, -877, 0, 0, -2.48681]
    - [-877.985, 4.38996, -878, 0, 0, -2.49681]
    - [-878.985, 4.39496, -879, 0, 0, -2.50681]
    - [-879.985, 4.39996, -880, 0, 0, -2.51681]
    - [-880.985, 4.40496, -881, 0, 0, -2.52681]
    - [-881.985, 4.40996, -882, 0, 0, -2.53681]
    - [-882.985, 4.41496, -883, 0, 0, -2.54681]
    - [-883.985, 4.41996, -884, 0, 0, -2.55681]
    - [-884.985, 4.42496, -885, 0, 0, -2.56681]
    - [-885.985, 4.42996, -886, 0, 0, -2.57681]
    - [-886.985, 4.43496, -887, 0, 0, -2.58681]
    - [-887.985, 4.43996, -888, 0, 0, -2.59681]
    - [-888.985, 4.44496, -889, 0, 0, -2.60681]
    - [-889.985, 4.44996, -890, 0, 0, -2.61681]
    - [-890.985, 4.45496, -891, 0, 0, -2.62681]
    - [-891.985, 4.45996, -892, 0, 0, -2.63681]
    - [-892.985, 4.46496, -893, 0, 0, -2.64681]
    - [-893.985, 4.46996, -894, 0, 0, -2.65681]
    - [-894.985, 4.47496, -895, 0, 0, -2.66681]
    - [-895.985, 4.47996, -896, 0, 0, -2.67681]
    - [-896.985, 4.48496, -897, 0, 0, -2.68681]
    - [-897.985, 4.48996, -898, 0, 0, -2.69681]
    - [-898.985, 4.49496, -899, 0, 0, -2.70681]
    - [-899.985, 4.49996, -900, 0, 0, -2.71681]
    - [-900.985, 4.50496, -901, 0, 0, -2.72681]
    - [-901.985, 4.50996, -902, 0, 0, -2.73681]
    - [-902.985, 4.51496, -903, 0, 0, -2.74681]
    - [-903.985, 4.51996, -904, 0, 0, -2.75681]
    - [-904.985, 4.52496, -905, 0, 0, -2.76681]
    - [-905.985, 4.52996, -906, 0, 0, -2.77681]
    - [-906.985, 4.53496, -907, 0, 0, -2.78681]
    - [-907.985, 4.53996, -908, 0, 0, -2.79681]
    - [-908.985, 4.54496, -909, 0, 0, -2.80681]
    - [-909.985, 4.54996, -910, 0, 0, -2.81681]
    - [-910.985, 4.55496, -911, 0, 0, -2.82681]
    - [-911.985, 4.55996, -912, 0, 0, -2.83681]
    - [-912.985, 4.56496, -913, 0, 0, -2.84681]
    - [-913.985, 4.56996, -914, 0, 0, -2.85681]
    - [-914.985, 4.57496, -915, 0, 0, -2.86681]
    - [-915.985, 4.57996, -916, 0, 0, -2.87681]
    - [-916.985, 4.58496, -917, 0, 0, -2.88681]
    - [-917.985, 4.58996, -918, 0, 0, -2.89681]
    - [-918.985, 4.59496, -919, 0, 0, -2.90681]
    - [-919.985, 4.59996, -920, 0, 0, -2.91681]
    - [-920.985, 4.60496, -921, 0, 0, -2.92681]
    - [-921.985, 4.60996, -922, 0, 0, -2.93681]
    - [-922.985, 4.61496, -923, 0, 0, -2.94681]
    - [-923.985, 4.61996, -924, 0, 0, -2.95681]
    - [-924.985, 4.62496, -925, 0, 0, -2.96681]
    - [-925.985, 4.62996, -926, 0, 0, -2.97681]
    - [-926.985, 4.63496, -927, 0, 0, -2.98681]
    - [-927.985, 4.63996, -928, 0, 0, -2.99681]
    - [-928.985, 4.64496, -929, 0, 0, -3.00681]
    - [-929.985, 4.64996, -930, 0, 0, -3.01681]
    - [-930.984, 4.65496, -931, 0, 0, -3.02681]
    - [-931.984, 4.65996, -932, 0, 0, -3.03681]
    - [-932.984, 4.66496, -933, 0, 0, -3.04681]
    - [-933.984, 4.66996, -934, 0, 0, -3.05681]
    - [-934.984, 4.67496, -935, 0, 0, -3.06681]
    - [-935.984, 4.67996, -936, 0, 0, -3.07681]
    - [-936.984, 4.68496, -937, 0, 0, -3.08681]
    - [-937.984, 4.68996, -938, 0, 0, -3.09681]
    - [-938.984, 4.69496, -939, 0, 0, -3.10681]
    - [-939.984, 4.69996, -940, 0, 0, -3.11681]
    - [-940.984, 4.70496, -941, 0, 0, -3.12681]
    - [-941.984, 4.70996, -942, 0, 0, -3.13681]
    - [-942.984, 4.71496, -943, 0, 0, 3.13637]
    - [-943.984, 4.71996, -944, 0, 0, 3.12637]
    - [-944.984, 4.72496, -945, 0, 0, 3.11637]
    - [-945.984, 4.72996, -946, 0, 0, 3.10637]
    - [-946.984, 4.73496, -947, 0, 0, 3.09637]
    - [-947.984, 4.73996, -948, 0, 0, 3.08637]
    - [-948.984, 4.74496, -949, 0, 0, 3.07637]
    - [-949.984, 4.74996, -950, 0, 0, 3.06637]
    - [-950.984, 4.75496, -951, 0, 0, 3.05637]
    - [-951.984, 4.75996, -952, 0, 0, 3.04637]
    - [-952.984, 4.76496, -953, 0, 0, 3.03637]
    - [-953.984, 4.76996, -954, 0, 0, 3.02637]
    - [-954.984, 4.77496, -955, 0, 0, 3.01637]
    - [-955.984, 4.77996, -956, 0, 0, 3.00637]
    - [-956.984, 4.78496, -957, 0, 0, 2.99637]
    - [-957.984, 4.78996, -958, 0, 0, 2.98637]
    - [-958.984, 4.79496, -959, 0, 0, 2.97637]
    - [-959.984, 4.79996, -960, 0, 0, 2.96637]
    - [-960.984, 4.80496, -961, 0, 0, 2.95637]
    - [-961.984, 4.80996, -962, 0, 0, 2.94637]
    - [-962.984, 4.81496, -963, 0, 0, 2.93637]
    - [-963.984, 4.81996, -964, 0, 0, 2.92637]
    - [-964.984, 4.82496, -965, 0, 0, 2.91637]
    - [-965.984, 4.82996, -966, 0, 0, 2.90637]
    - [-966.984, 4.83496, -967, 0, 0, 2.89637]
    - [-967.984, 4.83996, -968, 0, 0, 2.88637]
    - [-968.984, 4.84496, -969, 0, 0, 2.87637]
    - [-969.984, 4.84996, -970, 0, 0, 2.86637]
    - [-970.984, 4.85496, -971, 0, 0, 2.85637]
    - [-971.984, 4.85996, -972, 0, 0, 2.84637]
    - [-972.984, 4.86496, -973, 0, 0, 2.83637]
    - [-973.984, 4.86996, -974, 0, 0, 2.82637]
    - [-974.984, 4.87496, -975, 0, 0, 2.81637]
    - [-975.984, 4.87996, -976, 0, 0, 2.80637]
    - [-976.984, 4.88496, -977, 0, 0, 2.79637]
    - [-977.984, 4.88996, -978, 0, 0, 2.78637]
    - [-978.984, 4.89496, -979, 0, 0, 2.77637]
    - [-979.984, 4.89996, -980, 0, 0, 2.76637]
    - [-980.984, 4.90496, -981, 0, 0, 2.75637]
    - [-981.984, 4.90996, -982, 0, 0, 2.74637]
    - [-982.984, 4.91496, -983, 0, 0, 2.73637]
    - [-983.984, 4.91996, -984, 0, 0, 2.72637]
    - [-984.984, 4.92496, -985, 0, 0, 2.71637]
    - [-985.984, 4.92996, -986, 0, 0, 2.70637]
    - [-986.984, 4.93496, -987, 0, 0, 2.69637]
    - [-987.984, 4.93996, -988, 0, 0, 2.68637]
    - [-988.984, 4.94496, -989, 0, 0, 2.67637]
    - [-989.984, 4.94996, -990, 0, 0, 2.66637]
    - [-990.983, 4.95496, -991, 0, 0, 2.65637]
    - [-991.983, 4.95996, -992, 0, 0, 2.64637]
    - [-992.983, 4.96496, -993, 0, 0, 2.63637]
    - [-993.983, 4.96996, -994, 0, 0, 2.62637]
    - [-994.983, 4.97496, -995, 0, 0, 2.61637]
    - [-995.983, 4.97996, -996, 0, 0, 2.60637]
    - [-996.983, 4.98496, -997, 0, 0, 2.59637]
    - [-997.983, 4.98996, -998, 0, 0, 2.58637]
    - [-998.983, 4.99496, -999, 0, 0, 2.57637]
    - [-999.983, 4.99996, -1000, 0, 0, 2.56637]
