dataType: iteration-based
legend: [v_x,v_y,v_z,\omega_x,\omega_y,\omega_z]
xlabel: iterations
ylabel: Camera velocity
data:
    - [1, 0, 1, 0, 0, 0.01]
    - [0.99995, 0.00999983, 1, 0, 0, 0.01]
    - [0.9998, 0.0199987, 1, 0, 0, 0.01]
    - [0.99955, 0.0299955, 1, 0, 0, 0.01]
    - [0.9992, 0.0399893, 1, 0, 0, 0.01]
    - [0.99875, 0.0499792, 1, 0, 0, 0.01]
    - [0.998201, 0.059964, 1, 0, 0, 0.01]
    - [0.997551, 0.0699428, 1, 0, 0, 0.01]
    - [0.996802, 0.0799147, 1, 0, 0, 0.01]
    - [0.995953, 0.0898785, 1, 0, 0, 0.01]
    - [0.995004, 0.0998334, 1, 0, 0, 0.01]
    - [0.993956, 0.109778, 1, 0, 0, 0.01]
    - [0.992809, 0.119712, 1, 0, 0, 0.01]
    - [0.991562, 0.129634, 1, 0, 0, 0.01]
    - [0.990216, 0.139543, 1, 0, 0, 0.01]
    - [0.988771, 0.149438, 1, 0, 0, 0.01]
    - [0.987227, 0.159318, 1, 0, 0, 0.01]
    - [0.985585, 0.169182, 1, 0, 0, 0.01]
    - [0.983844, 0.17903, 1, 0, 0, 0.01]
    - [0.982004, 0.188859, 1, 0, 0, 0.01]
    - [0.980067, 0.198669, 1, 0, 0, 0.01]
    - [0.978031, 0.20846, 1, 0, 0, 0.01]
    - [0.975897, 0.21823, 1, 0, 0, 0.01]
    - [0.973666, 0.227978, 1, 0, 0, 0.01]
    - [0.971338, 0.237703, 1, 0, 0, 0.01]
    - [0.968912, 0.247404, 1, 0, 0, 0.01]
    - [0.96639, 0.257081, 1, 0, 0, 0.01]
    - [0.963771, 0.266731, 1, 0, 0, 0.01]
    - [0.961055, 0.276356, 1, 0, 0, 0.01]
    - [0.958244, 0.285952, 1, 0, 0, 0.01]
    - [0.955336, 0.29552, 1, 0, 0, 0.01]
    - [0.952334, 0.305059, 1, 0, 0, 0.01]
    - [0.949235, 0.314567, 1, 0, 0, 0.01]
    - [0.946042, 0.324043, 1, 0, 0, 0.01]
    - [0.942755, 0.333487, 1, 0, 0, 0.01]
    - [0.939373, 0.342898, 1, 0, 0, 0.01]
    - [0.935897, 0.352274, 1, 0, 0, 0.01]
    - [0.932327, 0.361615, 1, 0, 0, 0.01]
    - [0.928665, 0.37092, 1, 0, 0, 0.01]
    - [0.924909, 0.380188, 1, 0, 0, 0.01]
    - [0.921061, 0.389418, 1, 0, 0, 0.01]
    - [0.917121, 0.398609, 1, 0, 0, 0.01]
    - [0.913089, 0.40776, 1, 0, 0, 0.01]
    - [0.908966, 0.416871, 1, 0, 0, 0.01]
    - [0.904752, 0.425939, 1, 0, 0, 0.01]
    - [0.900447, 0.434966, 1, 0, 0, 0.01]
    - [0.896052, 0.443948, 1, 0, 0, 0.01]
    - [0.891568, 0.452886, 1, 0, 0, 0.01]
    - [0.886995, 0.461779, 1, 0, 0, 0.01]
    - [0.882333, 0.470626, 1, 0, 0, 0.01]
    - [0.877583, 0.479426, 1, 0, 0, 0.01]
    - [0.872745, 0.488177, 1, 0, 0, 0.01]
    - [0.867819, 0.49688, 1, 0, 0, 0.01]
    - [0.862807, 0.505533, 1, 0, 0, 0.01]
    - [0.857709, 0.514136, 1, 0, 0, 0.01]
    - [0.852525, 0.522687, 1, 0, 0, 0.01]
    - [0.847255, 0.531186, 1, 0, 0, 0.01]
    - [0.841901, 0.539632, 1, 0, 0, 0.01]
    - [0.836463, 0.548024, 1, 0, 0, 0.01]
    - [0.830941, 0.556361, 1, 0, 0, 0.01]
    - [0.825336, 0.564642, 1, 0, 0, 0.01]
    - [0.819648, 0.572867, 1, 0, 0, 0.01]
    - [0.813878, 0.581035, 1, 0, 0, 0.01]
    - [0.808028, 0.589145, 1, 0, 0, 0.01]
    - [0.802096, 0.597195, 1, 0, 0, 0.01]
    - [0.796084, 0.605186, 1, 0, 0, 0.01]
    - [0.789992, 0.613117, 1, 0, 0, 0.01]
    - [0.783822, 0.620986, 1, 0, 0, 0.01]
    - [0.777573, 0.628793, 1, 0, 0, 0.01]
    - [0.771246, 0.636537, 1, 0, 0, 0.01]
    - [0.764842, 0.644218, 1, 0, 0, 0.01]
    - [0.758362, 0.651834, 1, 0, 0, 0.01]
    - [0.751806, 0.659385, 1, 0, 0, 0.01]
    - [0.745174, 0.66687, 1, 0, 0, 0.01]
    - [0.738469, 0.674288, 1, 0, 0, 0.01]
    - [0.731689, 0.681639, 1, 0, 0, 0.01]
    - [0.724836, 0.688921, 1, 0, 0, 0.01]
    - [0.717911, 0.696135, 1, 0, 0, 0.01]
    - [0.710914, 0.703279, 1, 0, 0, 0.01]
    - [0.703845, 0.710353, 1, 0, 0, 0.01]
    - [0.696707, 0.717356, 1, 0, 0, 0.01]
    - [0.689498, 0.724287, 1, 0, 0, 0.01]
    - [0.682221, 0.731146, 1, 0, 0, 0.01]
    - [0.674876, 0.737931, 1, 0, 0, 0.01]
    - [0.667463, 0.744643, 1, 0, 0, 0.01]
    - [0.659983, 0.75128, 1, 0, 0, 0.01]
    - [0.652437, 0.757843, 1, 0, 0, 0.01]
    - [0.644827, 0.764329, 1, 0, 0, 0.01]
    - [0.637151, 0.770739, 1, 0, 0, 0.01]
    - [0.629412, 0.777072, 1, 0, 0, 0.01]
    - [0.62161, 0.783327, 1, 0, 0, 0.01]
    - [0.613746, 0.789504, 1, 0, 0, 0.01]
    - [0.60582, 0.795602, 1, 0, 0, 0.01]
    - [0.597834, 0.80162, 1, 0, 0, 0.01]
    - [0.589788, 0.807558, 1, 0, 0, 0.01]
    - [0.581683, 0.813416, 1, 0, 0, 0.01]
    - [0.57352, 0.819192, 1, 0, 0, 0.01]
    - [0.5653, 0.824886, 1, 0, 0, 0.01]
    - [0.557023, 0.830497, 1, 0, 0, 0.01]
    - [0.54869, 0.836026, 1, 0, 0, 0.01]
    - [0.540302, 0.841471, 1, 0, 0, 0.01]
    - [0.531861, 0.846832, 1, 0, 0, 0.01]
    - [0.523366, 0.852108, 1, 0, 0, 0.01]
    - [0.514819, 0.857299, 1, 0, 0, 0.01]
    - [0.50622, 0.862404, 1, 0, 0, 0.01]
    - [0.497571, 0.867423, 1, 0, 0, 0.01]
    - [0.488872, 0.872355, 1, 0, 0, 0.01]
    - [0.480124, 0.877201, 1, 0, 0, 0.01]
    - [0.471328, 0.881958, 1, 0, 0, 0.01]
    - [0.462485, 0.886627, 1, 0, 0, 0.01]
    - [0.453596, 0.891207, 1, 0, 0, 0.01]
    - [0.444662, 0.895699, 1, 0, 0, 0.01]
    - [0.435682, 0.9001, 1, 0, 0, 0.01]
    - [0.42666, 0.904412, 1, 0, 0, 0.01]
    - [0.417595, 0.908633, 1, 0, 0, 0.01]
    - [0.408487, 0.912764, 1, 0, 0, 0.01]
    - [0.39934, 0.916803, 1, 0, 0, 0.01]
    - [0.390152, 0.920751, 1, 0, 0, 0.01]
    - [0.380925, 0.924606, 1, 0, 0, 0.01]
    - [0.37166, 0.928369, 1, 0, 0, 0.01]
    - [0.362358, 0.932039, 1, 0, 0, 0.01]
    - [0.353019, 0.935616, 1, 0, 0, 0.01]
    - [0.343646, 0.939099, 1, 0, 0, 0.01]
    - [0.334238, 0.942489, 1, 0, 0, 0.01]
    - [0.324796, 0.945784, 1, 0, 0, 0.01]
    - [0.315322, 0.948985, 1, 0, 0, 0.01]
    - [0.305817, 0.95209, 1, 0, 0, 0.01]
    - [0.296281, 0.955101, 1, 0, 0, 0.01]
    - [0.286715, 0.958016, 1, 0, 0, 0.01]
    - [0.277121, 0.960835, 1, 0, 0, 0.01]
    - [0.267499, 0.963558, 1, 0, 0, 0.01]
    - [0.25785, 0.966185, 1, 0, 0, 0.01]
    - [0.248175, 0.968715, 1, 0, 0, 0.01]
    - [0.238476, 0.971148, 1, 0, 0, 0.01]
    - [0.228753, 0.973485, 1, 0, 0, 0.01]
    - [0.219007, 0.975723, 1, 0, 0, 0.01]
    - [0.209239, 0.977865, 1, 0, 0, 0.01]
    - [0.19945, 0.979908, 1, 0, 0, 0.01]
    - [0.189641, 0.981854, 1, 0, 0, 0.01]
    - [0.179813, 0.983701, 1, 0, 0, 0.01]
    - [0.169967, 0.98545, 1, 0, 0, 0.01]
    - [0.160104, 0.9871, 1, 0, 0, 0.01]
    - [0.150225, 0.988652, 1, 0, 0, 0.01]
    - [0.140332, 0.990105, 1, 0, 0, 0.01]
    - [0.130424, 0.991458, 1, 0, 0, 0.01]
    - [0.120503, 0.992713, 1, 0, 0, 0.01]
    - [0.11057, 0.993868, 1, 0, 0, 0.01]
    - [0.100626, 0.994924, 1, 0, 0, 0.01]
    - [0.0906716, 0.995881, 1, 0, 0, 0.01]
    - [0.0807084, 0.996738, 1, 0, 0, 0.01]
    - [0.0707372, 0.997495, 1, 0, 0, 0.01]
    - [0.0607589, 0.998152, 1, 0, 0, 0.01]
    - [0.0507745, 0.99871, 1, 0, 0, 0.01]
    - [0.040785, 0.999168, 1, 0, 0, 0.01]
    - [0.0307915, 0.999526, 1, 0, 0, 0.01]
    - [0.0207948, 0.999784, 1, 0, 0, 0.01]
    - [0.0107961, 0.999942, 1, 0, 0, 0.01]
    - [0.000796327, 1, 1, 0, 0, 0.01]
    - [-0.00920354, 0.999958, 1, 0, 0, 0.01]
    - [-0.0192025, 0.999816, 1, 0, 0, 0.01]
    - [-0.0291995, 0.999574, 1, 0, 0, 0.01]
    - [-0.0391936, 0.999232, 1, 0, 0, 0.01]
    - [-0.0491838, 0.99879, 1, 0, 0, 0.01]
    - [-0.0591691, 0.998248, 1, 0, 0, 0.01]
    - [-0.0691484, 0.997606, 1, 0, 0, 0.01]
    - [-0.0791209, 0.996865, 1, 0, 0, 0.01]
    - [-0.0890854, 0.996024, 1, 0, 0, 0.01]
    - [-0.099041, 0.995083, 1, 0, 0, 0.01]
    - [-0.108987, 0.994043, 1, 0, 0, 0.01]
    - [-0.118922, 0.992904, 1, 0, 0, 0.01]
    - [-0.128844, 0.991665, 1, 0, 0, 0.01]
    - [-0.138755, 0.990327, 1, 0, 0, 0.01]
    - [-0.148651, 0.98889, 1, 0, 0, 0.01]
    - [-0.158532, 0.987354, 1, 0, 0, 0.01]
    - [-0.168397, 0.985719, 1, 0, 0, 0.01]
    - [-0.178246, 0.983986, 1, 0, 0, 0.01]
    - [-0.188077, 0.982154, 1, 0, 0, 0.01]
    - [-0.197889, 0.980224, 1, 0, 0, 0.01]
    - [-0.207681, 0.978197, 1, 0, 0, 0.01]
    - [-0.217452, 0.976071, 1, 0, 0, 0.01]
    - [-0.227202, 0.973848, 1, 0, 0, 0.01]
    - [-0.236929, 0.971527, 1, 0, 0, 0.01]
    - [-0.246632, 0.969109, 1, 0, 0, 0.01]
    - [-0.256311, 0.966594, 1, 0, 0, 0.01]
    - [-0.265964, 0.963983, 1, 0, 0, 0.01]
    - [-0.27559, 0.961275, 1, 0, 0, 0.01]
    - [-0.285189, 0.958471, 1, 0, 0, 0.01]
    - [-0.294759, 0.955572, 1, 0, 0, 0.01]
    - [-0.3043, 0.952576, 1, 0, 0, 0.01]
    - [-0.313811, 0.949486, 1, 0, 0, 0.01]
    - [-0.32329, 0.9463, 1, 0, 0, 0.01]
    - [-0.332736, 0.94302, 1, 0, 0, 0.01]
    - [-0.34215, 0.939645, 1, 0, 0, 0.01]
    - [-0.351529, 0.936177, 1, 0, 0, 0.01]
    - [-0.360873, 0.932615, 1, 0, 0, 0.01]
    - [-0.370181, 0.92896, 1, 0, 0, 0.01]
    - [-0.379452, 0.925212, 1, 0, 0, 0.01]
    - [-0.388685, 0.921371, 1, 0, 0, 0.01]
    - [-0.397879, 0.917438, 1, 0, 0, 0.01]
    - [-0.407033, 0.913413, 1, 0, 0, 0.01]
    - [-0.416147, 0.909297, 1, 0, 0, 0.01]
    - [-0.425219, 0.905091, 1, 0, 0, 0.01]
    - [-0.434248, 0.900793, 1, 0, 0, 0.01]
    - [-0.443234, 0.896406, 1, 0, 0, 0.01]
    - [-0.452176, 0.891929, 1, 0, 0, 0.01]
    - [-0.461073, 0.887362, 1, 0, 0, 0.01]
    - [-0.469923, 0.882707, 1, 0, 0, 0.01]
    - [-0.478727, 0.877964, 1, 0, 0, 0.01]
    - [-0.487482, 0.873133, 1, 0, 0, 0.01]
    - [-0.496189, 0.868215, 1, 0, 0, 0.01]
    - [-0.504846, 0.863209, 1, 0, 0, 0.01]
    - [-0.513453, 0.858118, 1, 0, 0, 0.01]
    - [-0.522008, 0.85294, 1, 0, 0, 0.01]
    - [-0.530511, 0.847678, 1, 0, 0, 0.01]
    - [-0.538961, 0.84233, 1, 0, 0, 0.01]
    - [-0.547358, 0.836899, 1, 0, 0, 0.01]
    - [-0.555699, 0.831383, 1, 0, 0, 0.01]
    - [-0.563985, 0.825785, 1, 0, 0, 0.01]
    - [-0.572215, 0.820104, 1, 0, 0, 0.01]
    - [-0.580387, 0.814341, 1, 0, 0, 0.01]
    - [-0.588501, 0.808496, 1, 0, 0, 0.01]
    - [-0.596557, 0.802571, 1, 0, 0, 0.01]
    - [-0.604552, 0.796565, 1, 0, 0, 0.01]
    - [-0.612488, 0.79048, 1, 0, 0, 0.01]
    - [-0.620362, 0.784316, 1, 0, 0, 0.01]
    - [-0.628174, 0.778073, 1, 0, 0, 0.01]
    - [-0.635923, 0.771753, 1, 0, 0, 0.01]
    - [-0.643608, 0.765355, 1, 0, 0, 0.01]
    - [-0.65123, 0.758881, 1, 0, 0, 0.01]
    - [-0.658786, 0.752331, 1, 0, 0, 0.01]
    - [-0.666276, 0.745705, 1, 0, 0, 0.01]
    - [-0.6737, 0.739005, 1, 0, 0, 0.01]
    - [-0.681056, 0.732231, 1, 0, 0, 0.01]
    - [-0.688344, 0.725384, 1, 0, 0, 0.01]
    - [-0.695563, 0.718465, 1, 0, 0, 0.01]
    - [-0.702713, 0.711473, 1, 0, 0, 0.01]
    - [-0.709793, 0.704411, 1, 0, 0, 0.01]
    - [-0.716801, 0.697278, 1, 0, 0, 0.01]
    - [-0.723738, 0.690075, 1, 0, 0, 0.01]
    - [-0.730602, 0.682803, 1, 0, 0, 0.01]
    - [-0.737394, 0.675463, 1, 0, 0, 0.01]
    - [-0.744111, 0.668056, 1, 0, 0, 0.01]
    - [-0.750755, 0.660581, 1, 0, 0, 0.01]
    - [-0.757323, 0.653041, 1, 0, 0, 0.01]
    - [-0.763815, 0.645435, 1, 0, 0, 0.01]
    - [-0.770231, 0.637765, 1, 0, 0, 0.01]
    - [-0.77657, 0.630031, 1, 0, 0, 0.01]
    - [-0.782832, 0.622234, 1, 0, 0, 0.01]
    - [-0.789015, 0.614374, 1, 0, 0, 0.01]
    - [-0.795119, 0.606454, 1, 0, 0, 0.01]
    - [-0.801144, 0.598472, 1, 0, 0, 0.01]
    - [-0.807088, 0.590431, 1, 0, 0, 0.01]
    - [-0.812952, 0.582331, 1, 0, 0, 0.01]
    - [-0.818735, 0.574172, 1, 0, 0, 0.01]
    - [-0.824435, 0.565956, 1, 0, 0, 0.01]
    - [-0.830054, 0.557684, 1, 0, 0, 0.01]
    - [-0.835589, 0.549355, 1, 0, 0, 0.01]
    - [-0.84104, 0.540972, 1, 0, 0, 0.01]
    - [-0.846408, 0.532535, 1, 0, 0, 0.01]
    - [-0.851691, 0.524044, 1, 0, 0, 0.01]
    - [-0.856889, 0.515501, 1, 0, 0, 0.01]
    - [-0.862001, 0.506907, 1, 0, 0, 0.01]
    - [-0.867027, 0.498262, 1, 0, 0, 0.01]
    - [-0.871966, 0.489567, 1, 0, 0, 0.01]
    - [-0.876818, 0.480823, 1, 0, 0, 0.01]
    - [-0.881582, 0.472031, 1, 0, 0, 0.01]
    - [-0.886258, 0.463191, 1, 0, 0, 0.01]
    - [-0.890846, 0.454306, 1, 0, 0, 0.01]
    - [-0.895344, 0.445375, 1, 0, 0, 0.01]
    - [-0.899753, 0.436399, 1, 0, 0, 0.01]
    - [-0.904072, 0.42738, 1, 0, 0, 0.01]
    - [-0.908301, 0.418318, 1, 0, 0, 0.01]
    - [-0.912438, 0.409214, 1, 0, 0, 0.01]
    - [-0.916485, 0.400069, 1, 0, 0, 0.01]
    - [-0.92044, 0.390885, 1, 0, 0, 0.01]
    - [-0.924302, 0.381661, 1, 0, 0, 0.01]
    - [-0.928073, 0.372399, 1, 0, 0, 0.01]
    - [-0.93175, 0.3631, 1, 0, 0, 0.01]
    - [-0.935335, 0.353764, 1, 0, 0, 0.01]
    - [-0.938825, 0.344393, 1, 0, 0, 0.01]
    - [-0.942222, 0.334988, 1, 0, 0, 0.01]
    - [-0.945525, 0.325549, 1, 0, 0, 0.01]
    - [-0.948733, 0.316078, 1, 0, 0, 0.01]
    - [-0.951847, 0.306575, 1, 0, 0, 0.01]
    - [-0.954865, 0.297041, 1, 0, 0, 0.01]
    - [-0.957787, 0.287478, 1, 0, 0, 0.01]
    - [-0.960614, 0.277886, 1, 0, 0, 0.01]
    - [-0.963345, 0.268266, 1, 0, 0, 0.01]
    - [-0.965979, 0.258619, 1, 0, 0, 0.01]
    - [-0.968517, 0.248947, 1, 0, 0, 0.01]
    - [-0.970958, 0.239249, 1, 0, 0, 0.01]
    - [-0.973302, 0.229528, 1, 0, 0, 0.01]
    - [-0.975549, 0.219784, 1, 0, 0, 0.01]
    - [-0.977698, 0.210017, 1, 0, 0, 0.01]
    - [-0.979749, 0.20023, 1, 0, 0, 0.01]
    - [-0.981702, 0.190423, 1, 0, 0, 0.01]
    - [-0.983557, 0.180596, 1, 0, 0, 0.01]
    - [-0.985314, 0.170752, 1, 0, 0, 0.01]
    - [-0.986972, 0.16089, 1, 0, 0, 0.01]
    - [-0.988532, 0.151013, 1, 0, 0, 0.01]
    - [-0.989992, 0.14112, 1, 0, 0, 0.01]
    - [-0.991354, 0.131213, 1, 0, 0, 0.01]
    - [-0.992617, 0.121293, 1, 0, 0, 0.01]
    - [-0.99378, 0.111361, 1, 0, 0, 0.01]
    - [-0.994844, 0.101418, 1, 0, 0, 0.01]
    - [-0.995808, 0.0914646, 1, 0, 0, 0.01]
    - [-0.996673, 0.0815022, 1, 0, 0, 0.01]
    - [-0.997438, 0.0715315, 1, 0, 0, 0.01]
    - [-0.998104, 0.0615537, 1, 0, 0, 0.01]
    - [-0.998669, 0.0515698, 1, 0, 0, 0.01]
    - [-0.999135, 0.0415807, 1, 0, 0, 0.01]
    - [-0.999501, 0.0315874, 1, 0, 0, 0.01]
    - [-0.999767, 0.021591, 1, 0, 0, 0.01]
    - [-0.999933, 0.0115924, 1, 0, 0, 0.01]
    - [-0.999999, 0.00159265, 1, 0, 0, 0.01]
    - [-0.999965, -0.00840725, 1, 0, 0, 0.01]
    - [-0.999831, -0.0184063, 1, 0, 0, 0.01]
    - [-0.999597, -0.0284035, 1, 0, 0, 0.01]
    - [-0.999263, -0.0383979, 1, 0, 0, 0.01]
    - [-0.998829, -0.0483884, 1, 0, 0, 0.01]
    - [-0.998295, -0.0583741, 1, 0, 0, 0.01]
    - [-0.997661, -0.068354, 1, 0, 0, 0.01]
    - [-0.996928, -0.078327, 1, 0, 0, 0.01]
    - [-0.996095, -0.0882922, 1, 0, 0, 0.01]
    - [-0.995162, -0.0982486, 1, 0, 0, 0.01]
    - [-0.99413, -0.108195, 1, 0, 0, 0.01]
    - [-0.992998, -0.118131, 1, 0, 0, 0.01]
    - [-0.991767, -0.128055, 1, 0, 0, 0.01]
    - [-0.990437, -0.137966, 1, 0, 0, 0.01]
    - [-0.989008, -0.147863, 1, 0, 0, 0.01]
    - [-0.98748, -0.157746, 1, 0, 0, 0.01]
    - [-0.985853, -0.167612, 1, 0, 0, 0.01]
    - [-0.984128, -0.177462, 1, 0, 0, 0.01]
    - [-0.982304, -0.187295, 1, 0, 0, 0.01]
    - [-0.980382, -0.197108, 1, 0, 0, 0.01]
    - [-0.978362, -0.206902, 1, 0, 0, 0.01]
    - [-0.976244, -0.216675, 1, 0, 0, 0.01]
    - [-0.974028, -0.226427, 1, 0, 0, 0.01]
    - [-0.971715, -0.236155, 1, 0, 0, 0.01]
    - [-0.969305, -0.245861, 1, 0, 0, 0.01]
    - [-0.966798, -0.255541, 1, 0, 0, 0.01]
    - [-0.964194, -0.265196, 1, 0, 0, 0.01]
    - [-0.961494, -0.274825, 1, 0, 0, 0.01]
    - [-0.958698, -0.284426, 1, 0, 0, 0.01]
    - [-0.955806, -0.293998, 1, 0, 0, 0.01]
    - [-0.952818, -0.303542, 1, 0, 0, 0.01]
    - [-0.949735, -0.313054, 1, 0, 0, 0.01]
    - [-0.946557, -0.322536, 1, 0, 0, 0.01]
    - [-0.943285, -0.331985, 1, 0, 0, 0.01]
    - [-0.939918, -0.341401, 1, 0, 0, 0.01]
    - [-0.936457, -0.350783, 1, 0, 0, 0.01]
    - [-0.932902, -0.36013, 1, 0, 0, 0.01]
    - [-0.929254, -0.369441, 1, 0, 0, 0.01]
    - [-0.925513, -0.378715, 1, 0, 0, 0.01]
    - [-0.92168, -0.387951, 1, 0, 0, 0.01]
    - [-0.917755, -0.397148, 1, 0, 0, 0.01]
    - [-0.913737, -0.406306, 1, 0, 0, 0.01]
    - [-0.909629, -0.415423, 1, 0, 0, 0.01]
    - [-0.905429, -0.424498, 1, 0, 0, 0.01]
    - [-0.901139, -0.433531, 1, 0, 0, 0.01]
    - [-0.896758, -0.44252, 1, 0, 0, 0.01]
    - [-0.892288, -0.451466, 1, 0, 0, 0.01]
    - [-0.887729, -0.460366, 1, 0, 0, 0.01]
    - [-0.883081, -0.46922, 1, 0, 0, 0.01]
    - [-0.878345, -0.478027, 1, 0, 0, 0.01]
    - [-0.873521, -0.486787, 1, 0, 0, 0.01]
    - [-0.868609, -0.495497, 1, 0, 0, 0.01]
    - [-0.863611, -0.504159, 1, 0, 0, 0.01]
    - [-0.858526, -0.512769, 1, 0, 0, 0.01]
    - [-0.853356, -0.521329, 1, 0, 0, 0.01]
    - [-0.8481, -0.529836, 1, 0, 0, 0.01]
    - [-0.842759, -0.538291, 1, 0, 0, 0.01]
    - [-0.837334, -0.546691, 1, 0, 0, 0.01]
    - [-0.831826, -0.555037, 1, 0, 0, 0.01]
    - [-0.826234, -0.563327, 1, 0, 0, 0.01]
    - [-0.820559, -0.571561, 1, 0, 0, 0.01]
    - [-0.814803, -0.579738, 1, 0, 0, 0.01]
    - [-0.808965, -0.587857, 1, 0, 0, 0.01]
    - [-0.803046, -0.595917, 1, 0, 0, 0.01]
    - [-0.797047, -0.603918, 1, 0, 0, 0.01]
    - [-0.790968, -0.611858, 1, 0, 0, 0.01]
    - [-0.78481, -0.619737, 1, 0, 0, 0.01]
    - [-0.778573, -0.627554, 1, 0, 0, 0.01]
    - [-0.772259, -0.635308, 1, 0, 0, 0.01]
    - [-0.765867, -0.642999, 1, 0, 0, 0.01]
    - [-0.759399, -0.650625, 1, 0, 0, 0.01]
    - [-0.752855, -0.658186, 1, 0, 0, 0.01]
    - [-0.746236, -0.665682, 1, 0, 0, 0.01]
    - [-0.739542, -0.673111, 1, 0, 0, 0.01]
    - [-0.732774, -0.680473, 1, 0, 0, 0.01]
    - [-0.725932, -0.687766, 1, 0, 0, 0.01]
    - [-0.719018, -0.694991, 1, 0, 0, 0.01]
    - [-0.712033, -0.702146, 1, 0, 0, 0.01]
    - [-0.704976, -0.709231, 1, 0, 0, 0.01]
    - [-0.697848, -0.716246, 1, 0, 0, 0.01]
    - [-0.690651, -0.723188, 1, 0, 0, 0.01]
    - [-0.683385, -0.730058, 1, 0, 0, 0.01]
    - [-0.67605, -0.736856, 1, 0, 0, 0.01]
    - [-0.668648, -0.743579, 1, 0, 0, 0.01]
    - [-0.661179, -0.750228, 1, 0, 0, 0.01]
    - [-0.653644, -0.756802, 1, 0, 0, 0.01]
    - [-0.646043, -0.763301, 1, 0, 0, 0.01]
    - [-0.638378, -0.769723, 1, 0, 0, 0.01]
    - [-0.630649, -0.776068, 1, 0, 0, 0.01]
    - [-0.622857, -0.782336, 1, 0, 0, 0.01]
    - [-0.615002, -0.788525, 1, 0, 0, 0.01]
    - [-0.607087, -0.794636, 1, 0, 0, 0.01]
    - [-0.59911, -0.800667, 1, 0, 0, 0.01]
    - [-0.591073, -0.806618, 1, 0, 0, 0.01]
    - [-0.582978, -0.812488, 1, 0, 0, 0.01]
    - [-0.574824, -0.818277, 1, 0, 0, 0.01]
    - [-0.566613, -0.823984, 1, 0, 0, 0.01]
    - [-0.558345, -0.829609, 1, 0, 0, 0.01]
    - [-0.550021, -0.835151, 1, 0, 0, 0.01]
    - [-0.541642, -0.840609, 1, 0, 0, 0.01]
    - [-0.533209, -0.845984, 1, 0, 0, 0.01]
    - [-0.524722, -0.851273, 1, 0, 0, 0.01]
    - [-0.516184, -0.856478, 1, 0, 0, 0.01]
    - [-0.507593, -0.861597, 1, 0, 0, 0.01]
    - [-0.498952, -0.86663, 1, 0, 0, 0.01]
    - [-0.490261, -0.871576, 1, 0, 0, 0.01]
    - [-0.481521, -0.876435, 1, 0, 0, 0.01]
    - [-0.472732, -0.881206, 1, 0, 0, 0.01]
    - [-0.463897, -0.885889, 1, 0, 0, 0.01]
    - [-0.455015, -0.890484, 1, 0, 0, 0.01]
    - [-0.446087, -0.894989, 1, 0, 0, 0.01]
    - [-0.437115, -0.899405, 1, 0, 0, 0.01]
    - [-0.4281, -0.903732, 1, 0, 0, 0.01]
    - [-0.419041, -0.907967, 1, 0, 0, 0.01]
    - [-0.409941, -0.912112, 1, 0, 0, 0.01]
    - [-0.400799, -0.916166, 1, 0, 0, 0.01]
    - [-0.391618, -0.920128, 1, 0, 0, 0.01]
    - [-0.382397, -0.923998, 1, 0, 0, 0.01]
    - [-0.373138, -0.927776, 1, 0, 0, 0.01]
    - [-0.363842, -0.931461, 1, 0, 0, 0.01]
    - [-0.354509, -0.935053, 1, 0, 0, 0.01]
    - [-0.345141, -0.938551, 1, 0, 0, 0.01]
    - [-0.335738, -0.941955, 1, 0, 0, 0.01]
    - [-0.326302, -0.945266, 1, 0, 0, 0.01]
    - [-0.316833, -0.948481, 1, 0, 0, 0.01]
    - [-0.307333, -0.951602, 1, 0, 0, 0.01]
    - [-0.297802, -0.954628, 1, 0, 0, 0.01]
    - [-0.288241, -0.957558, 1, 0, 0, 0.01]
    - [-0.278651, -0.960392, 1, 0, 0, 0.01]
    - [-0.269033, -0.963131, 1, 0, 0, 0.01]
    - [-0.259389, -0.965773, 1, 0, 0, 0.01]
    - [-0.249718, -0.968319, 1, 0, 0, 0.01]
    - [-0.240022, -0.970767, 1, 0, 0, 0.01]
    - [-0.230303, -0.973119, 1, 0, 0, 0.01]
    - [-0.22056, -0.975373, 1, 0, 0, 0.01]
    - [-0.210796, -0.97753, 1, 0, 0, 0.01]
    - [-0.20101, -0.979589, 1, 0, 0, 0.01]
    - [-0.191204, -0.98155, 1, 0, 0, 0.01]
    - [-0.181379, -0.983413, 1, 0, 0, 0.01]
    - [-0.171536, -0.985178, 1, 0, 0, 0.01]
    - [-0.161676, -0.986844, 1, 0, 0, 0.01]
    - [-0.1518, -0.988411, 1, 0, 0, 0.01]
    - [-0.141908, -0.98988, 1, 0, 0, 0.01]
    - [-0.132003, -0.991249, 1, 0, 0, 0.01]
    - [-0.122084, -0.99252, 1, 0, 0, 0.01]
    - [-0.112153, -0.993691, 1, 0, 0, 0.01]
    - [-0.10221, -0.994763, 1, 0, 0, 0.01]
    - [-0.0922576, -0.995735, 1, 0, 0, 0.01]
    - [-0.0822958, -0.996608, 1, 0, 0, 0.01]
    - [-0.0723258, -0.997381, 1, 0, 0, 0.01]
    - [-0.0623485, -0.998054, 1, 0, 0, 0.01]
    - [-0.052365, -0.998628, 1, 0, 0, 0.01]
    - [-0.0423763, -0.999102, 1, 0, 0, 0.01]
    - [-0.0323833, -0.999476, 1, 0, 0, 0.01]
    - [-0.0223871, -0.999749, 1, 0, 0, 0.01]
    - [-0.0123887, -0.999923, 1, 0, 0, 0.01]
    - [-0.00238898, -0.999997, 1, 0, 0, 0.01]
    - [0.00761095, -0.999971, 1, 0, 0, 0.01]
    - [0.0176101, -0.999845, 1, 0, 0, 0.01]
    - [0.0276075, -0.999619, 1, 0, 0, 0.01]
    - [0.0376022, -0.999293, 1, 0, 0, 0.01]
    - [0.047593, -0.998867, 1, 0, 0, 0.01]
    - [0.0575792, -0.998341, 1, 0, 0, 0.01]
    - [0.0675595, -0.997715, 1, 0, 0, 0.01]
    - [0.0775331, -0.99699, 1, 0, 0, 0.01]
    - [0.087499, -0.996165, 1, 0, 0, 0.01]
    - [0.0974561, -0.99524, 1, 0, 0, 0.01]
    - [0.107403, -0.994216, 1, 0, 0, 0.01]
    - [0.11734, -0.993092, 1, 0, 0, 0.01]
    - [0.127265, -0.991869, 1, 0, 0, 0.01]
    - [0.137177, -0.990547, 1, 0, 0, 0.01]
    - [0.147076, -0.989125, 1, 0, 0, 0.01]
    - [0.156959, -0.987605, 1, 0, 0, 0.01]
    - [0.166827, -0.985986, 1, 0, 0, 0.01]
    - [0.176679, -0.984269, 1, 0, 0, 0.01]
    - [0.186512, -0.982453, 1, 0, 0, 0.01]
    - [0.196327, -0.980538, 1, 0, 0, 0.01]
    - [0.206123, -0.978526, 1, 0, 0, 0.01]
    - [0.215898, -0.976416, 1, 0, 0, 0.01]
    - [0.225651, -0.974208, 1, 0, 0, 0.01]
    - [0.235381, -0.971903, 1, 0, 0, 0.01]
    - [0.245089, -0.969501, 1, 0, 0, 0.01]
    - [0.254771, -0.967001, 1, 0, 0, 0.01]
    - [0.264428, -0.964405, 1, 0, 0, 0.01]
    - [0.274059, -0.961713, 1, 0, 0, 0.01]
    - [0.283662, -0.958924, 1, 0, 0, 0.01]
    - [0.293237, -0.95604, 1, 0, 0, 0.01]
    - [0.302783, -0.95306, 1, 0, 0, 0.01]
    - [0.312298, -0.949984, 1, 0, 0, 0.01]
    - [0.321782, -0.946814, 1, 0, 0, 0.01]
    - [0.331234, -0.943549, 1, 0, 0, 0.01]
    - [0.340653, -0.940189, 1, 0, 0, 0.01]
    - [0.350037, -0.936736, 1, 0, 0, 0.01]
    - [0.359387, -0.933189, 1, 0, 0, 0.01]
    - [0.368701, -0.929548, 1, 0, 0, 0.01]
    - [0.377978, -0.925815, 1, 0, 0, 0.01]
    - [0.387217, -0.921989, 1, 0, 0, 0.01]
    - [0.396417, -0.91807, 1, 0, 0, 0.01]
    - [0.405578, -0.91406, 1, 0, 0, 0.01]
    - [0.414698, -0.909959, 1, 0, 0, 0.01]
    - [0.423777, -0.905767, 1, 0, 0, 0.01]
    - [0.432813, -0.901484, 1, 0, 0, 0.01]
    - [0.441806, -0.897111, 1, 0, 0, 0.01]
    - [0.450755, -0.892648, 1, 0, 0, 0.01]
    - [0.459659, -0.888096, 1, 0, 0, 0.01]
    - [0.468517, -0.883455, 1, 0, 0, 0.01]
    - [0.477328, -0.878725, 1, 0, 0, 0.01]
    - [0.486091, -0.873908, 1, 0, 0, 0.01]
    - [0.494806, -0.869004, 1, 0, 0, 0.01]
    - [0.503471, -0.864012, 1, 0, 0, 0.01]
    - [0.512085, -0.858934, 1, 0, 0, 0.01]
    - [0.520649, -0.853771, 1, 0, 0, 0.01]
    - [0.529161, -0.848522, 1, 0, 0, 0.01]
    - [0.537619, -0.843188, 1, 0, 0, 0.01]
    - [0.546024, -0.837769, 1, 0, 0, 0.01]
    - [0.554374, -0.832267, 1, 0, 0, 0.01]
    - [0.562669, -0.826682, 1, 0, 0, 0.01]
    - [0.570908, -0.821014, 1, 0, 0, 0.01]
    - [0.579089, -0.815264, 1, 0, 0, 0.01]
    - [0.587213, -0.809433, 1, 0, 0, 0.01]
    - [0.595278, -0.80352, 1, 0, 0, 0.01]
    - [0.603283, -0.797527, 1, 0, 0, 0.01]
    - [0.611228, -0.791455, 1, 0, 0, 0.01]
    - [0.619112, -0.785303, 1, 0, 0, 0.01]
    - [0.626934, -0.779073, 1, 0, 0, 0.01]
    - [0.634693, -0.772764, 1, 0, 0, 0.01]
    - [0.642389, -0.766379, 1, 0, 0, 0.01]
    - [0.65002, -0.759917, 1, 0, 0, 0.01]
    - [0.657587, -0.753379, 1, 0, 0, 0.01]
    - [0.665088, -0.746765, 1, 0, 0, 0.01]
    - [0.672522, -0.740077, 1, 0, 0, 0.01]
    - [0.679889, -0.733315, 1, 0, 0, 0.01]
    - [0.687188, -0.72648, 1, 0, 0, 0.01]
    - [0.694418, -0.719572, 1, 0, 0, 0.01]
    - [0.701579, -0.712592, 1, 0, 0, 0.01]
    - [0.70867, -0.70554, 1, 0, 0, 0.01]
    - [0.71569, -0.698418, 1, 0, 0, 0.01]
    - [0.722638, -0.691227, 1, 0, 0, 0.01]
    - [0.729514, -0.683966, 1, 0, 0, 0.01]
    - [0.736317, -0.676637, 1, 0, 0, 0.01]
    - [0.743046, -0.66924, 1, 0, 0, 0.01]
    - [0.749702, -0.661776, 1, 0, 0, 0.01]
    - [0.756282, -0.654246, 1, 0, 0, 0.01]
    - [0.762786, -0.646651, 1, 0, 0, 0.01]
    - [0.769215, -0.638991, 1, 0, 0, 0.01]
    - [0.775566, -0.631267, 1, 0, 0, 0.01]
    - [0.78184, -0.62348, 1, 0, 0, 0.01]
    - [0.788035, -0.61563, 1, 0, 0, 0.01]
    - [0.794152, -0.607719, 1, 0, 0, 0.01]
    - [0.800189, -0.599747, 1, 0, 0, 0.01]
    - [0.806147, -0.591716, 1, 0, 0, 0.01]
    - [0.812024, -0.583625, 1, 0, 0, 0.01]
    - [0.817819, -0.575475, 1, 0, 0, 0.01]
    - [0.823533, -0.567269, 1, 0, 0, 0.01]
    - [0.829164, -0.559005, 1, 0, 0, 0.01]
    - [0.834713, -0.550686, 1, 0, 0, 0.01]
    - [0.840178, -0.542311, 1, 0, 0, 0.01]
    - [0.845559, -0.533882, 1, 0, 0, 0.01]
    - [0.850855, -0.5254, 1, 0, 0, 0.01]
    - [0.856067, -0.516865, 1, 0, 0, 0.01]
    - [0.861192, -0.508279, 1, 0, 0, 0.01]
    - [0.866232, -0.499642, 1, 0, 0, 0.01]
    - [0.871185, -0.490955, 1, 0, 0, 0.01]
    - [0.876051, -0.482218, 1, 0, 0, 0.01]
    - [0.880829, -0.473434, 1, 0, 0, 0.01]
    - [0.88552, -0.464602, 1, 0, 0, 0.01]
    - [0.890121, -0.455724, 1, 0, 0, 0.01]
    - [0.894634, -0.4468, 1, 0, 0, 0.01]
    - [0.899057, -0.437832, 1, 0, 0, 0.01]
    - [0.90339, -0.428819, 1, 0, 0, 0.01]
    - [0.907633, -0.419764, 1, 0, 0, 0.01]
    - [0.911785, -0.410667, 1, 0, 0, 0.01]
    - [0.915846, -0.401529, 1, 0, 0, 0.01]
    - [0.919816, -0.39235, 1, 0, 0, 0.01]
    - [0.923693, -0.383133, 1, 0, 0, 0.01]
    - [0.927478, -0.373877, 1, 0, 0, 0.01]
    - [0.931171, -0.364583, 1, 0, 0, 0.01]
    - [0.93477, -0.355254, 1, 0, 0, 0.01]
    - [0.938276, -0.345888, 1, 0, 0, 0.01]
    - [0.941688, -0.336488, 1, 0, 0, 0.01]
    - [0.945005, -0.327055, 1, 0, 0, 0.01]
    - [0.948229, -0.317589, 1, 0, 0, 0.01]
    - [0.951357, -0.308091, 1, 0, 0, 0.01]
    - [0.95439, -0.298562, 1, 0, 0, 0.01]
    - [0.957328, -0.289003, 1, 0, 0, 0.01]
    - [0.96017, -0.279415, 1, 0, 0, 0.01]
    - [0.962916, -0.2698, 1, 0, 0, 0.01]
    - [0.965566, -0.260157, 1, 0, 0, 0.01]
    - [0.968119, -0.250489, 1, 0, 0, 0.01]
    - [0.970576, -0.240795, 1, 0, 0, 0.01]
    - [0.972935, -0.231078, 1, 0, 0, 0.01]
    - [0.975197, -0.221337, 1, 0, 0, 0.01]
    - [0.977362, -0.211574, 1, 0, 0, 0.01]
    - [0.979429, -0.20179, 1, 0, 0, 0.01]
    - [0.981398, -0.191986, 1, 0, 0, 0.01]
    - [0.983268, -0.182163, 1, 0, 0, 0.01]
    - [0.985041, -0.172321, 1, 0, 0, 0.01]
    - [0.986715, -0.162462, 1, 0, 0, 0.01]
    - [0.98829, -0.152587, 1, 0, 0, 0.01]
    - [0.989766, -0.142697, 1, 0, 0, 0.01]
    - [0.991144, -0.132792, 1, 0, 0, 0.01]
    - [0.992422, -0.122874, 1, 0, 0, 0.01]
    - [0.993601, -0.112944, 1, 0, 0, 0.01]
    - [0.994681, -0.103002, 1, 0, 0, 0.01]
    - [0.995661, -0.0930505, 1, 0, 0, 0.01]
    - [0.996542, -0.0830894, 1, 0, 0, 0.01]
    - [0.997323, -0.07312, 1, 0, 0, 0.01]
    - [0.998004, -0.0631433, 1, 0, 0, 0.01]
    - [0.998586, -0.0531602, 1, 0, 0, 0.01]
    - [0.999068, -0.0431719, 1, 0, 0, 0.01]
    - [0.999449, -0.0331792, 1, 0, 0, 0.01]
    - [0.999731, -0.0231832, 1, 0, 0, 0.01]
    - [0.999913, -0.0131849, 1, 0, 0, 0.01]
    - [0.999995, -0.0031853, 1, 0, 0, 0.01]
    - [0.999977, 0.00681464, 1, 0, 0, 0.01]
    - [0.999859, 0.0168139, 1, 0, 0, 0.01]
    - [0.999641, 0.0268115, 1, 0, 0, 0.01]
    - [0.999322, 0.0368064, 1, 0, 0, 0.01]
    - [0.998904, 0.0467976, 1, 0, 0, 0.01]
    - [0.998386, 0.0567841, 1, 0, 0, 0.01]
    - [0.997769, 0.066765, 1, 0, 0, 0.01]
    - [0.997051, 0.0767392, 1, 0, 0, 0.01]
    - [0.996234, 0.0867057, 1, 0, 0, 0.01]
    - [0.995317, 0.0966635, 1, 0, 0, 0.01]
    - [0.994301, 0.106612, 1, 0, 0, 0.01]
    - [0.993185, 0.116549, 1, 0, 0, 0.01]
    - [0.99197, 0.126475, 1, 0, 0, 0.01]
    - [0.990655, 0.136388, 1, 0, 0, 0.01]
    - [0.989242, 0.146288, 1, 0, 0, 0.01]
    - [0.98773, 0.156173, 1, 0, 0, 0.01]
    - [0.986119, 0.166042, 1, 0, 0, 0.01]
    - [0.984409, 0.175895, 1, 0, 0, 0.01]
    - [0.982601, 0.18573, 1, 0, 0, 0.01]
    - [0.980694, 0.195547, 1, 0, 0, 0.01]
    - [0.97869, 0.205344, 1, 0, 0, 0.01]
    - [0.976588, 0.21512, 1, 0, 0, 0.01]
    - [0.974388, 0.224875, 1, 0, 0, 0.01]
    - [0.97209, 0.234607, 1, 0, 0, 0.01]
    - [0.969696, 0.244316, 1, 0, 0, 0.01]
    - [0.967204, 0.254001, 1, 0, 0, 0.01]
    - [0.964616, 0.26366, 1, 0, 0, 0.01]
    - [0.961931, 0.273293, 1, 0, 0, 0.01]
    - [0.95915, 0.282898, 1, 0, 0, 0.01]
    - [0.956273, 0.292476, 1, 0, 0, 0.01]
    - [0.9533, 0.302024, 1, 0, 0, 0.01]
    - [0.950233, 0.311541, 1, 0, 0, 0.01]
    - [0.94707, 0.321028, 1, 0, 0, 0.01]
    - [0.943812, 0.330482, 1, 0, 0, 0.01]
    - [0.94046, 0.339904, 1, 0, 0, 0.01]
    - [0.937014, 0.349291, 1, 0, 0, 0.01]
    - [0.933474, 0.358644, 1, 0, 0, 0.01]
    - [0.929841, 0.367961, 1, 0, 0, 0.01]
    - [0.926115, 0.37724, 1, 0, 0, 0.01]
    - [0.922297, 0.386483, 1, 0, 0, 0.01]
    - [0.918386, 0.395686, 1, 0, 0, 0.01]
    - [0.914383, 0.40485, 1, 0, 0, 0.01]
    - [0.910289, 0.413973, 1, 0, 0, 0.01]
    - [0.906104, 0.423055, 1, 0, 0, 0.01]
    - [0.901828, 0.432095, 1, 0, 0, 0.01]
    - [0.897462, 0.441092, 1, 0, 0, 0.01]
    - [0.893006, 0.450044, 1, 0, 0, 0.01]
    - [0.888461, 0.458951, 1, 0, 0, 0.01]
    - [0.883827, 0.467813, 1, 0, 0, 0.01]
    - [0.879105, 0.476628, 1, 0, 0, 0.01]
    - [0.874295, 0.485395, 1, 0, 0, 0.01]
    - [0.869397, 0.494113, 1, 0, 0, 0.01]
    - [0.864413, 0.502782, 1, 0, 0, 0.01]
    - [0.859342, 0.511401, 1, 0, 0, 0.01]
    - [0.854185, 0.519969, 1, 0, 0, 0.01]
    - [0.848943, 0.528485, 1, 0, 0, 0.01]
    - [0.843616, 0.536948, 1, 0, 0, 0.01]
    - [0.838204, 0.545357, 1, 0, 0, 0.01]
    - [0.832709, 0.553711, 1, 0, 0, 0.01]
    - [0.82713, 0.562011, 1, 0, 0, 0.01]
    - [0.821469, 0.570254, 1, 0, 0, 0.01]
    - [0.815725, 0.57844, 1, 0, 0, 0.01]
    - [0.8099, 0.586568, 1, 0, 0, 0.01]
    - [0.803994, 0.594637, 1, 0, 0, 0.01]
    - [0.798007, 0.602648, 1, 0, 0, 0.01]
    - [0.791941, 0.610597, 1, 0, 0, 0.01]
    - [0.785796, 0.618486, 1, 0, 0, 0.01]
    - [0.779572, 0.626313, 1, 0, 0, 0.01]
    - [0.77327, 0.634077, 1, 0, 0, 0.01]
    - [0.76689, 0.641778, 1, 0, 0, 0.01]
    - [0.760434, 0.649415, 1, 0, 0, 0.01]
    - [0.753902, 0.656987, 1, 0, 0, 0.01]
    - [0.747295, 0.664493, 1, 0, 0, 0.01]
    - [0.740613, 0.671932, 1, 0, 0, 0.01]
    - [0.733856, 0.679305, 1, 0, 0, 0.01]
    - [0.727027, 0.686609, 1, 0, 0, 0.01]
    - [0.720124, 0.693845, 1, 0, 0, 0.01]
    - [0.71315, 0.701011, 1, 0, 0, 0.01]
    - [0.706104, 0.708108, 1, 0, 0, 0.01]
    - [0.698988, 0.715133, 1, 0, 0, 0.01]
    - [0.691802, 0.722087, 1, 0, 0, 0.01]
    - [0.684547, 0.728969, 1, 0, 0, 0.01]
    - [0.677223, 0.735778, 1, 0, 0, 0.01]
    - [0.669831, 0.742513, 1, 0, 0, 0.01]
    - [0.662373, 0.749174, 1, 0, 0, 0.01]
    - [0.654848, 0.755761, 1, 0, 0, 0.01]
    - [0.647258, 0.762271, 1, 0, 0, 0.01]
    - [0.639603, 0.768705, 1, 0, 0, 0.01]
    - [0.631884, 0.775063, 1, 0, 0, 0.01]
    - [0.624102, 0.781343, 1, 0, 0, 0.01]
    - [0.616257, 0.787545, 1, 0, 0, 0.01]
    - [0.608351, 0.793668, 1, 0, 0, 0.01]
    - [0.600384, 0.799712, 1, 0, 0, 0.01]
    - [0.592357, 0.805675, 1, 0, 0, 0.01]
    - [0.584271, 0.811559, 1, 0, 0, 0.01]
    - [0.576126, 0.817361, 1, 0, 0, 0.01]
    - [0.567924, 0.823081, 1, 0, 0, 0.01]
    - [0.559665, 0.828719, 1, 0, 0, 0.01]
    - [0.55135, 0.834274, 1, 0, 0, 0.01]
    - [0.54298, 0.839746, 1, 0, 0, 0.01]
    - [0.534555, 0.845133, 1, 0, 0, 0.01]
    - [0.526078, 0.850437, 1, 0, 0, 0.01]
    - [0.517547, 0.855655, 1, 0, 0, 0.01]
    - [0.508965, 0.860787, 1, 0, 0, 0.01]
    - [0.500332, 0.865834, 1, 0, 0, 0.01]
    - [0.491648, 0.870794, 1, 0, 0, 0.01]
    - [0.482916, 0.875667, 1, 0, 0, 0.01]
    - [0.474135, 0.880452, 1, 0, 0, 0.01]
    - [0.465307, 0.885149, 1, 0, 0, 0.01]
    - [0.456433, 0.889758, 1, 0, 0, 0.01]
    - [0.447512, 0.894278, 1, 0, 0, 0.01]
    - [0.438547, 0.898708, 1, 0, 0, 0.01]
    - [0.429538, 0.903049, 1, 0, 0, 0.01]
    - [0.420487, 0.907299, 1, 0, 0, 0.01]
    - [0.411393, 0.911458, 1, 0, 0, 0.01]
    - [0.402258, 0.915526, 1, 0, 0, 0.01]
    - [0.393083, 0.919503, 1, 0, 0, 0.01]
    - [0.383868, 0.923388, 1, 0, 0, 0.01]
    - [0.374615, 0.92718, 1, 0, 0, 0.01]
    - [0.365325, 0.93088, 1, 0, 0, 0.01]
    - [0.355998, 0.934487, 1, 0, 0, 0.01]
    - [0.346635, 0.938, 1, 0, 0, 0.01]
    - [0.337238, 0.941419, 1, 0, 0, 0.01]
    - [0.327807, 0.944745, 1, 0, 0, 0.01]
    - [0.318344, 0.947975, 1, 0, 0, 0.01]
    - [0.308848, 0.951111, 1, 0, 0, 0.01]
    - [0.299322, 0.954152, 1, 0, 0, 0.01]
    - [0.289765, 0.957098, 1, 0, 0, 0.01]
    - [0.28018, 0.959947, 1, 0, 0, 0.01]
    - [0.270567, 0.962701, 1, 0, 0, 0.01]
    - [0.260926, 0.965359, 1, 0, 0, 0.01]
    - [0.25126, 0.96792, 1, 0, 0, 0.01]
    - [0.241568, 0.970384, 1, 0, 0, 0.01]
    - [0.231852, 0.972751, 1, 0, 0, 0.01]
    - [0.222114, 0.975021, 1, 0, 0, 0.01]
    - [0.212352, 0.977193, 1, 0, 0, 0.01]
    - [0.20257, 0.979268, 1, 0, 0, 0.01]
    - [0.192767, 0.981244, 1, 0, 0, 0.01]
    - [0.182945, 0.983123, 1, 0, 0, 0.01]
    - [0.173105, 0.984903, 1, 0, 0, 0.01]
    - [0.163248, 0.986585, 1, 0, 0, 0.01]
    - [0.153374, 0.988168, 1, 0, 0, 0.01]
    - [0.143485, 0.989653, 1, 0, 0, 0.01]
    - [0.133581, 0.991038, 1, 0, 0, 0.01]
    - [0.123664, 0.992324, 1, 0, 0, 0.01]
    - [0.113735, 0.993511, 1, 0, 0, 0.01]
    - [0.103794, 0.994599, 1, 0, 0, 0.01]
    - [0.0938433, 0.995587, 1, 0, 0, 0.01]
    - [0.0838829, 0.996476, 1, 0, 0, 0.01]
    - [0.0739142, 0.997265, 1, 0, 0, 0.01]
    - [0.063938, 0.997954, 1, 0, 0, 0.01]
    - [0.0539554, 0.998543, 1, 0, 0, 0.01]
    - [0.0439675, 0.999033, 1, 0, 0, 0.01]
    - [0.0339751, 0.999423, 1, 0, 0, 0.01]
    - [0.0239793, 0.999712, 1, 0, 0, 0.01]
    - [0.0139812, 0.999902, 1, 0, 0, 0.01]
    - [0.00398162, 0.999992, 1, 0, 0, 0.01]
    - [-0.00601833, 0.999982, 1, 0, 0, 0.01]
    - [-0.0160177, 0.999872, 1, 0, 0, 0.01]
    - [-0.0260154, 0.999662, 1, 0, 0, 0.01]
    - [-0.0360106, 0.999351, 1, 0, 0, 0.01]
    - [-0.0460021, 0.998941, 1, 0, 0, 0.01]
    - [-0.0559891, 0.998431, 1, 0, 0, 0.01]
    - [-0.0659704, 0.997822, 1, 0, 0, 0.01]
    - [-0.0759452, 0.997112, 1, 0, 0, 0.01]
    - [-0.0859123, 0.996303, 1, 0, 0, 0.01]
    - [-0.0958709, 0.995394, 1, 0, 0, 0.01]
    - [-0.10582, 0.994385, 1, 0, 0, 0.01]
    - [-0.115758, 0.993277, 1, 0, 0, 0.01]
    - [-0.125685, 0.99207, 1, 0, 0, 0.01]
    - [-0.135599, 0.990764, 1, 0, 0, 0.01]
    - [-0.1455, 0.989358, 1, 0, 0, 0.01]
    - [-0.155386, 0.987854, 1, 0, 0, 0.01]
    - [-0.165257, 0.986251, 1, 0, 0, 0.01]
    - [-0.175111, 0.984549, 1, 0, 0, 0.01]
    - [-0.184947, 0.982748, 1, 0, 0, 0.01]
    - [-0.194765, 0.98085, 1, 0, 0, 0.01]
    - [-0.204564, 0.978853, 1, 0, 0, 0.01]
    - [-0.214342, 0.976759, 1, 0, 0, 0.01]
    - [-0.224099, 0.974566, 1, 0, 0, 0.01]
    - [-0.233833, 0.972277, 1, 0, 0, 0.01]
    - [-0.243544, 0.96989, 1, 0, 0, 0.01]
    - [-0.253231, 0.967406, 1, 0, 0, 0.01]
    - [-0.262892, 0.964825, 1, 0, 0, 0.01]
    - [-0.272527, 0.962148, 1, 0, 0, 0.01]
    - [-0.282135, 0.959375, 1, 0, 0, 0.01]
    - [-0.291714, 0.956506, 1, 0, 0, 0.01]
    - [-0.301264, 0.953541, 1, 0, 0, 0.01]
    - [-0.310785, 0.95048, 1, 0, 0, 0.01]
    - [-0.320274, 0.947325, 1, 0, 0, 0.01]
    - [-0.329731, 0.944075, 1, 0, 0, 0.01]
    - [-0.339155, 0.940731, 1, 0, 0, 0.01]
    - [-0.348545, 0.937292, 1, 0, 0, 0.01]
    - [-0.3579, 0.93376, 1, 0, 0, 0.01]
    - [-0.36722, 0.930134, 1, 0, 0, 0.01]
    - [-0.376503, 0.926415, 1, 0, 0, 0.01]
    - [-0.385748, 0.922604, 1, 0, 0, 0.01]
    - [-0.394955, 0.918701, 1, 0, 0, 0.01]
    - [-0.404122, 0.914705, 1, 0, 0, 0.01]
    - [-0.413248, 0.910618, 1, 0, 0, 0.01]
    - [-0.422334, 0.90644, 1, 0, 0, 0.01]
    - [-0.431377, 0.902172, 1, 0, 0, 0.01]
    - [-0.440377, 0.897813, 1, 0, 0, 0.01]
    - [-0.449333, 0.893364, 1, 0, 0, 0.01]
    - [-0.458244, 0.888827, 1, 0, 0, 0.01]
    - [-0.467109, 0.8842, 1, 0, 0, 0.01]
    - [-0.475928, 0.879484, 1, 0, 0, 0.01]
    - [-0.484698, 0.874681, 1, 0, 0, 0.01]
    - [-0.493421, 0.869791, 1, 0, 0, 0.01]
    - [-0.502094, 0.864813, 1, 0, 0, 0.01]
    - [-0.510717, 0.859749, 1, 0, 0, 0.01]
    - [-0.519289, 0.854599, 1, 0, 0, 0.01]
    - [-0.527809, 0.849363, 1, 0, 0, 0.01]
    - [-0.536276, 0.844043, 1, 0, 0, 0.01]
    - [-0.544689, 0.838638, 1, 0, 0, 0.01]
    - [-0.553048, 0.833149, 1, 0, 0, 0.01]
    - [-0.561352, 0.827577, 1, 0, 0, 0.01]
    - [-0.569599, 0.821922, 1, 0, 0, 0.01]
    - [-0.57779, 0.816185, 1, 0, 0, 0.01]
    - [-0.585923, 0.810367, 1, 0, 0, 0.01]
    - [-0.593997, 0.804467, 1, 0, 0, 0.01]
    - [-0.602012, 0.798487, 1, 0, 0, 0.01]
    - [-0.609967, 0.792427, 1, 0, 0, 0.01]
    - [-0.61786, 0.786288, 1, 0, 0, 0.01]
    - [-0.625692, 0.78007, 1, 0, 0, 0.01]
    - [-0.633461, 0.773774, 1, 0, 0, 0.01]
    - [-0.641167, 0.767401, 1, 0, 0, 0.01]
    - [-0.648809, 0.760951, 1, 0, 0, 0.01]
    - [-0.656386, 0.754425, 1, 0, 0, 0.01]
    - [-0.663897, 0.747824, 1, 0, 0, 0.01]
    - [-0.671342, 0.741147, 1, 0, 0, 0.01]
    - [-0.67872, 0.734397, 1, 0, 0, 0.01]
    - [-0.68603, 0.727573, 1, 0, 0, 0.01]
    - [-0.693271, 0.720677, 1, 0, 0, 0.01]
    - [-0.700443, 0.713708, 1, 0, 0, 0.01]
    - [-0.707545, 0.706668, 1, 0, 0, 0.01]
    - [-0.714576, 0.699557, 1, 0, 0, 0.01]
    - [-0.721536, 0.692377, 1, 0, 0, 0.01]
    - [-0.728424, 0.685127, 1, 0, 0, 0.01]
    - [-0.735238, 0.677809, 1, 0, 0, 0.01]
    - [-0.74198, 0.670422, 1, 0, 0, 0.01]
    - [-0.748647, 0.662969, 1, 0, 0, 0.01]
    - [-0.755239, 0.65545, 1, 0, 0, 0.01]
    - [-0.761755, 0.647865, 1, 0, 0, 0.01]
    - [-0.768196, 0.640215, 1, 0, 0, 0.01]
    - [-0.77456, 0.632501, 1, 0, 0, 0.01]
    - [-0.780846, 0.624724, 1, 0, 0, 0.01]
    - [-0.787054, 0.616884, 1, 0, 0, 0.01]
    - [-0.793183, 0.608983, 1, 0, 0, 0.01]
    - [-0.799233, 0.601021, 1, 0, 0, 0.01]
    - [-0.805203, 0.592999, 1, 0, 0, 0.01]
    - [-0.811093, 0.584917, 1, 0, 0, 0.01]
    - [-0.816902, 0.576777, 1, 0, 0, 0.01]
    - [-0.822628, 0.568579, 1, 0, 0, 0.01]
    - [-0.828273, 0.560325, 1, 0, 0, 0.01]
    - [-0.833835, 0.552014, 1, 0, 0, 0.01]
    - [-0.839313, 0.543648, 1, 0, 0, 0.01]
    - [-0.844707, 0.535228, 1, 0, 0, 0.01]
    - [-0.850017, 0.526755, 1, 0, 0, 0.01]
    - [-0.855242, 0.518228, 1, 0, 0, 0.01]
    - [-0.860382, 0.50965, 1, 0, 0, 0.01]
    - [-0.865435, 0.501021, 1, 0, 0, 0.01]
    - [-0.870402, 0.492342, 1, 0, 0, 0.01]
    - [-0.875282, 0.483613, 1, 0, 0, 0.01]
    - [-0.880074, 0.474836, 1, 0, 0, 0.01]
    - [-0.884778, 0.466012, 1, 0, 0, 0.01]
    - [-0.889394, 0.457141, 1, 0, 0, 0.01]
    - [-0.893921, 0.448224, 1, 0, 0, 0.01]
    - [-0.898359, 0.439263, 1, 0, 0, 0.01]
    - [-0.902706, 0.430257, 1, 0, 0, 0.01]
    - [-0.906964, 0.421209, 1, 0, 0, 0.01]
    - [-0.91113, 0.412118, 1, 0, 0, 0.01]
    - [-0.915206, 0.402987, 1, 0, 0, 0.01]
    - [-0.91919, 0.393815, 1, 0, 0, 0.01]
    - [-0.923082, 0.384603, 1, 0, 0, 0.01]
    - [-0.926882, 0.375353, 1, 0, 0, 0.01]
    - [-0.930589, 0.366066, 1, 0, 0, 0.01]
    - [-0.934203, 0.356742, 1, 0, 0, 0.01]
    - [-0.937724, 0.347382, 1, 0, 0, 0.01]
    - [-0.941151, 0.337988, 1, 0, 0, 0.01]
    - [-0.944483, 0.328559, 1, 0, 0, 0.01]
    - [-0.947722, 0.319098, 1, 0, 0, 0.01]
    - [-0.950865, 0.309605, 1, 0, 0, 0.01]
    - [-0.953914, 0.300081, 1, 0, 0, 0.01]
    - [-0.956867, 0.290527, 1, 0, 0, 0.01]
    - [-0.959724, 0.280944, 1, 0, 0, 0.01]
    - [-0.962485, 0.271333, 1, 0, 0, 0.01]
    - [-0.965151, 0.261695, 1, 0, 0, 0.01]
    - [-0.967719, 0.252031, 1, 0, 0, 0.01]
    - [-0.970191, 0.242341, 1, 0, 0, 0.01]
    - [-0.972566, 0.232627, 1, 0, 0, 0.01]
    - [-0.974844, 0.22289, 1, 0, 0, 0.01]
    - [-0.977024, 0.21313, 1, 0, 0, 0.01]
    - [-0.979106, 0.20335, 1, 0, 0, 0.01]
    - [-0.981091, 0.193549, 1, 0, 0, 0.01]
    - [-0.982977, 0.183728, 1, 0, 0, 0.01]
    - [-0.984765, 0.173889, 1, 0, 0, 0.01]
    - [-0.986455, 0.164033, 1, 0, 0, 0.01]
    - [-0.988046, 0.154161, 1, 0, 0, 0.01]
    - [-0.989538, 0.144273, 1, 0, 0, 0.01]
    - [-0.990931, 0.13437, 1, 0, 0, 0.01]
    - [-0.992225, 0.124454, 1, 0, 0, 0.01]
    - [-0.99342, 0.114526, 1, 0, 0, 0.01]
    - [-0.994516, 0.104586, 1, 0, 0, 0.01]
    - [-0.995512, 0.0946361, 1, 0, 0, 0.01]
    - [-0.996409, 0.0846764, 1, 0, 0, 0.01]
    - [-0.997205, 0.0747083, 1, 0, 0, 0.01]
    - [-0.997903, 0.0647327, 1, 0, 0, 0.01]
    - [-0.9985, 0.0547506, 1, 0, 0, 0.01]
    - [-0.998998, 0.044763, 1, 0, 0, 0.01]
    - [-0.999395, 0.034771, 1, 0, 0, 0.01]
    - [-0.999693, 0.0247754, 1, 0, 0, 0.01]
    - [-0.999891, 0.0147774, 1, 0, 0, 0.01]
    - [-0.999989, 0.00477794, 1, 0, 0, 0.01]
    - [-0.999986, -0.00522202, 1, 0, 0, 0.01]
    - [-0.999884, -0.0152215, 1, 0, 0, 0.01]
    - [-0.999682, -0.0252194, 1, 0, 0, 0.01]
    - [-0.99938, -0.0352148, 1, 0, 0, 0.01]
    - [-0.998978, -0.0452066, 1, 0, 0, 0.01]
    - [-0.998476, -0.055194, 1, 0, 0, 0.01]
    - [-0.997874, -0.0651758, 1, 0, 0, 0.01]
    - [-0.997172, -0.0751511, 1, 0, 0, 0.01]
    - [-0.996371, -0.0851189, 1, 0, 0, 0.01]
    - [-0.99547, -0.0950782, 1, 0, 0, 0.01]
    - [-0.994469, -0.105028, 1, 0, 0, 0.01]
    - [-0.993369, -0.114967, 1, 0, 0, 0.01]
    - [-0.99217, -0.124895, 1, 0, 0, 0.01]
    - [-0.990871, -0.13481, 1, 0, 0, 0.01]
    - [-0.989474, -0.144712, 1, 0, 0, 0.01]
    - [-0.987977, -0.154599, 1, 0, 0, 0.01]
    - [-0.986382, -0.164471, 1, 0, 0, 0.01]
    - [-0.984688, -0.174327, 1, 0, 0, 0.01]
    - [-0.982895, -0.184165, 1, 0, 0, 0.01]
    - [-0.981005, -0.193984, 1, 0, 0, 0.01]
    - [-0.979016, -0.203785, 1, 0, 0, 0.01]
    - [-0.976929, -0.213564, 1, 0, 0, 0.01]
    - [-0.974745, -0.223323, 1, 0, 0, 0.01]
    - [-0.972463, -0.233059, 1, 0, 0, 0.01]
    - [-0.970083, -0.242772, 1, 0, 0, 0.01]
    - [-0.967607, -0.25246, 1, 0, 0, 0.01]
    - [-0.965034, -0.262124, 1, 0, 0, 0.01]
    - [-0.962365, -0.271761, 1, 0, 0, 0.01]
    - [-0.959599, -0.281371, 1, 0, 0, 0.01]
    - [-0.956738, -0.290952, 1, 0, 0, 0.01]
    - [-0.95378, -0.300505, 1, 0, 0, 0.01]
    - [-0.950728, -0.310028, 1, 0, 0, 0.01]
    - [-0.94758, -0.319519, 1, 0, 0, 0.01]
    - [-0.944337, -0.328979, 1, 0, 0, 0.01]
    - [-0.941, -0.338406, 1, 0, 0, 0.01]
    - [-0.937569, -0.347799, 1, 0, 0, 0.01]
    - [-0.934044, -0.357157, 1, 0, 0, 0.01]
    - [-0.930426, -0.366479, 1, 0, 0, 0.01]
    - [-0.926715, -0.375765, 1, 0, 0, 0.01]
    - [-0.922911, -0.385013, 1, 0, 0, 0.01]
    - [-0.919015, -0.394223, 1, 0, 0, 0.01]
    - [-0.915027, -0.403393, 1, 0, 0, 0.01]
    - [-0.910947, -0.412523, 1, 0, 0, 0.01]
    - [-0.906776, -0.421612, 1, 0, 0, 0.01]
    - [-0.902515, -0.430658, 1, 0, 0, 0.01]
    - [-0.898163, -0.439662, 1, 0, 0, 0.01]
    - [-0.893722, -0.448621, 1, 0, 0, 0.01]
    - [-0.889191, -0.457536, 1, 0, 0, 0.01]
    - [-0.884571, -0.466405, 1, 0, 0, 0.01]
    - [-0.879863, -0.475227, 1, 0, 0, 0.01]
    - [-0.875067, -0.484002, 1, 0, 0, 0.01]
    - [-0.870183, -0.492728, 1, 0, 0, 0.01]
    - [-0.865213, -0.501405, 1, 0, 0, 0.01]
    - [-0.860155, -0.510032, 1, 0, 0, 0.01]
    - [-0.855012, -0.518608, 1, 0, 0, 0.01]
    - [-0.849783, -0.527132, 1, 0, 0, 0.01]
    - [-0.84447, -0.535603, 1, 0, 0, 0.01]
